#   No  Energy (eV)          osc        osc x        osc y        osc z
     0      1.24169 9.233241e-03 2.230663e-03 8.123550e-03 1.734551e-02
     1      1.24862 9.378552e-03 2.921763e-05 1.886401e-02 9.242432e-03
     2      1.29017 1.638370e-05 3.165904e-09 2.439384e-05 2.475409e-05
     3      1.37799 3.113207e-06 4.672110e-07 6.876529e-06 1.995882e-06
     4      1.38848 4.649231e-06 7.635196e-06 2.609574e-06 3.702924e-06
     5      1.57134 3.947350e-03 1.096596e-02 3.749163e-04 5.011776e-04
     6      1.60785 7.345635e-03 1.728771e-03 8.693628e-03 1.161450e-02
     7      1.61987 6.912592e-03 6.549854e-07 1.124895e-02 9.488172e-03
     8      1.76663 4.463983e-02 5.738254e-04 4.668642e-02 8.665923e-02
     9      1.76712 4.545704e-02 1.115621e-02 8.166911e-02 4.354581e-02
    10      1.81658 2.537561e-02 7.474167e-05 3.601669e-02 4.003541e-02
    11      1.82182 2.550636e-02 6.577218e-03 3.974434e-02 3.019751e-02
    12      1.95320 3.490835e-05 9.184633e-05 6.359946e-06 6.518777e-06
    13      2.11120 2.140398e-01 5.846618e-01 2.495529e-02 3.250228e-02
    14      2.19809 1.632505e-05 3.388304e-05 1.486148e-05 2.306299e-07
    15      2.43664 4.303174e-02 4.515612e-03 6.521150e-02 5.936813e-02
    16      2.44377 4.898251e-02 5.609960e-05 7.169658e-02 7.519484e-02
    17      2.53787 1.206087e+00 3.313930e+00 1.321550e-01 1.721746e-01
    18      2.59363 2.999628e-04 3.050363e-04 1.874736e-04 4.073787e-04
    19      2.60987 2.016783e-04 5.316345e-04 5.345886e-05 1.994153e-05
    20      2.65715 9.312211e-03 5.085583e-05 8.969743e-03 1.891604e-02
    21      2.67785 9.336985e-01 9.515558e-02 4.424863e-01 2.263454e+00
    22      2.67874 1.011353e+00 5.667205e-03 2.472708e+00 5.556848e-01
    23      2.69233 7.595043e-01 2.224717e+00 1.859318e-02 3.520299e-02
    24      2.73910 2.875633e-01 6.162115e-02 3.254765e-01 4.755921e-01
    25      2.74560 2.599227e-01 2.379559e-05 4.285043e-01 3.512400e-01
    26      2.78645 5.009277e-01 1.288500e-01 7.035068e-01 6.704264e-01
    27      2.79053 4.504860e-01 5.339464e-04 6.781047e-01 6.728194e-01
    28      2.80928 4.420403e-03 8.996635e-04 3.261935e-03 9.099610e-03
    29      2.85017 1.130583e-03 1.295304e-03 9.854497e-04 1.110994e-03
    30      2.85698 1.799149e-05 1.059633e-05 1.612213e-05 2.725602e-05
    31      2.88759 5.102722e-04 4.452683e-06 7.020404e-04 8.243236e-04
    32      2.89450 7.589726e-04 5.973020e-05 8.646782e-04 1.352510e-03
    33      2.90174 4.351647e-05 2.201100e-07 6.437060e-05 6.595869e-05
    34      2.90694 2.898549e-04 5.954371e-05 4.237962e-04 3.862249e-04
    35      2.96969 7.880040e-02 5.550739e-06 1.302191e-01 1.061766e-01
    36      2.97382 7.279523e-02 1.392540e-02 9.202587e-02 1.124344e-01
    37      3.08817 6.702495e-03 1.881192e-02 4.959005e-04 7.996670e-04
    38      3.11026 1.628475e-04 4.298083e-04 9.208145e-06 4.952595e-05
    39      3.15913 1.937214e-02 4.050005e-05 2.625101e-02 3.182490e-02
    40      3.16098 1.788815e-02 3.763168e-03 2.805021e-02 2.185106e-02
    41      3.20839 7.306763e-03 2.019865e-02 7.871288e-04 9.345122e-04
    42      3.22852 9.863472e-05 2.579414e-04 9.271592e-08 3.787007e-05
    43      3.23285 2.839161e-05 6.727878e-05 5.736262e-06 1.215979e-05
    44      3.24319 2.085604e-05 6.223367e-06 4.908575e-05 7.259019e-06
    45      3.30221 7.646674e-06 3.238086e-08 1.176325e-05 1.114440e-05
    46      3.41462 7.971164e-02 1.449445e-02 7.159777e-02 1.530427e-01
    47      3.42131 8.536402e-02 1.612384e-04 1.716537e-01 8.427708e-02
    48      3.47057 3.005263e-03 3.441668e-04 3.539732e-03 5.131889e-03
    49      3.47280 3.740770e-04 2.500403e-05 7.731022e-04 3.241250e-04
    50      3.47500 9.391496e-04 4.799685e-04 3.502397e-04 1.987241e-03
    51      3.52167 3.486203e-03 4.343005e-06 5.741835e-03 4.712432e-03
    52      3.54007 8.894598e-03 4.773617e-06 1.277819e-02 1.390083e-02
    53      3.54241 2.367778e-03 8.792134e-06 4.419093e-03 2.675448e-03
    54      3.59637 5.441466e-02 1.554404e-01 3.507907e-03 4.295634e-03
    55      3.63688 1.029368e-02 2.999662e-02 1.317272e-04 7.526771e-04
    56      3.64015 4.295533e-03 1.276668e-03 8.061807e-04 1.080375e-02
    57      3.65248 4.556942e-02 1.887624e-04 6.746244e-02 6.905705e-02
    58      3.66165 1.500863e-02 3.610820e-02 2.316921e-03 6.600771e-03
    59      3.66755 3.519227e-02 3.695864e-04 6.436259e-02 4.084463e-02
    60      3.70818 5.940270e-04 5.015837e-05 7.185435e-04 1.013379e-03
    61      3.71109 4.457934e-04 2.463058e-05 6.380857e-04 6.746639e-04
    62      3.71327 3.579567e-04 1.218640e-04 9.463346e-04 5.671505e-06
    63      3.77142 3.444373e-03 1.266710e-05 5.250613e-03 5.069839e-03
    64      3.80685 2.739262e-02 2.113818e-02 5.250510e-02 8.534573e-03
    65      3.81136 4.418067e-02 3.822910e-03 2.886488e-02 9.985423e-02
    66      3.83370 3.350975e-02 1.840567e-02 5.727713e-02 2.484646e-02
    67      3.84573 1.068111e-02 7.835860e-03 6.610641e-03 1.759682e-02
    68      3.85237 1.480937e-01 4.011624e-01 1.692919e-02 2.618942e-02
    69      3.88791 3.574885e-03 1.055387e-02 1.278614e-04 4.292328e-05
    70      3.91204 6.195717e-04 1.353144e-03 2.656888e-04 2.398821e-04
    71      3.93387 8.762026e-03 1.040590e-04 1.539644e-02 1.078558e-02
    72      3.94870 3.075224e-03 8.882374e-06 7.843989e-03 1.372800e-03
    73      3.96636 5.479938e-02 1.523238e-05 7.730991e-02 8.707299e-02
    74      3.97360 6.137902e-02 1.617319e-05 9.648312e-02 8.763778e-02
    75      4.00546 1.672547e-02 1.190691e-02 1.339285e-02 2.487666e-02
    76      4.01120 2.095572e-02 5.258451e-04 3.963520e-02 2.270610e-02
    77      4.01493 7.070470e-02 5.417963e-05 8.409369e-02 1.279662e-01
    78      4.02089 2.873570e-02 2.367587e-03 7.063853e-02 1.320098e-02
    79      4.03697 1.061057e-03 8.624265e-06 2.213200e-03 9.613470e-04
    80      4.04312 9.936110e-03 9.555505e-03 1.445998e-02 5.792839e-03
    81      4.04650 1.160310e-02 1.526362e-03 1.384652e-02 1.943641e-02
    82      4.04865 2.958434e-02 3.467077e-02 1.105205e-02 4.303019e-02
    83      4.05161 8.412497e-03 5.671897e-03 1.932116e-02 2.444311e-04
    84      4.08946 2.278358e-03 4.067514e-05 3.601935e-03 3.192463e-03
    85      4.12193 9.757317e-03 1.380554e-02 1.214855e-02 3.317860e-03
    86      4.12617 1.529947e-02 4.768947e-04 1.799621e-02 2.742529e-02
    87      4.13001 1.448179e-02 1.490031e-03 1.061484e-02 3.134049e-02
    88      4.13472 1.097475e-02 4.826185e-03 2.373364e-02 4.364441e-03
    89      4.14516 1.629053e-02 4.434613e-04 2.346949e-02 2.495865e-02
    90      4.15088 3.070873e-04 1.169190e-05 9.956240e-05 8.100077e-04
    91      4.17115 4.382005e-04 5.546356e-06 4.915490e-04 8.175060e-04
    92      4.17823 6.006852e-03 2.015739e-05 9.306129e-03 8.694270e-03
    93      4.21790 1.748736e-05 2.847121e-05 1.290479e-05 1.108608e-05
    94      4.25828 8.469956e-03 2.500590e-02 8.662911e-07 4.030996e-04
    95      4.27023 6.588565e-03 1.853593e-04 8.104162e-03 1.147617e-02
    96      4.27396 8.684194e-04 5.915191e-04 1.477723e-03 5.360160e-04
    97      4.27632 2.038612e-03 5.135084e-03 9.503840e-05 8.857141e-04
    98      4.28198 1.925644e-02 4.685801e-02 4.275126e-03 6.636168e-03
    99      4.29039 1.397441e-03 1.425754e-03 3.298043e-04 2.436763e-03
   100      4.29349 2.154054e-02 2.930550e-04 3.797947e-02 2.634909e-02
   101      4.29679 2.058731e-02 3.778322e-05 2.847770e-02 3.324646e-02
   102      4.31643 7.913644e-04 5.616091e-05 1.529585e-03 7.883467e-04
   103      4.31774 3.561951e-04 9.552360e-04 1.093534e-04 3.995999e-06
   104      4.32441 1.032559e-02 1.072099e-02 8.033241e-03 1.222253e-02
   105      4.32650 6.475912e-04 1.778601e-04 8.361714e-04 9.287420e-04
   106      4.33102 5.082430e-03 4.497943e-07 8.450288e-03 6.796553e-03
   107      4.35477 1.566831e-03 3.056852e-04 2.876118e-03 1.518690e-03
   108      4.35788 1.217324e-03 7.089541e-06 1.520566e-03 2.124316e-03
   109      4.36179 3.357509e-05 3.920105e-05 1.102308e-05 5.050114e-05
   110      4.36830 1.354735e-03 2.149682e-03 4.962335e-04 1.418288e-03
   111      4.38131 1.125714e-03 2.468059e-03 3.974782e-04 5.116060e-04
   112      4.38909 9.813347e-04 1.811661e-04 1.496495e-03 1.266343e-03
   113      4.39094 4.052796e-04 9.760747e-06 2.577395e-04 9.483386e-04
   114      4.42321 5.824975e-05 4.723668e-05 6.733785e-05 6.017472e-05
   115      4.42735 1.283300e-04 3.326724e-04 3.719286e-05 1.512467e-05
   116      4.48759 1.426894e-02 3.806805e-02 2.316723e-03 2.422052e-03
   117      4.50084 8.592777e-04 2.107906e-03 7.629394e-06 4.622976e-04
   118      4.51290 4.156760e-04 6.320961e-04 3.687383e-04 2.461936e-04
   119      4.53070 1.729420e-03 5.174858e-03 1.225782e-06 1.217614e-05
   120      4.55736 1.766110e-04 1.611289e-05 3.706088e-04 1.431113e-04
   121      4.56294 3.956344e-04 8.793241e-04 1.971860e-04 1.103932e-04
   122      4.57083 1.621761e-03 5.173068e-05 1.118165e-03 3.695388e-03
   123      4.58449 5.236572e-03 7.906327e-05 1.106214e-02 4.568515e-03
   124      4.59649 6.589947e-03 1.174314e-04 5.648108e-03 1.400430e-02
   125      4.60098 1.232305e-02 2.170560e-04 1.833664e-02 1.841547e-02
   126      4.63004 2.056174e-02 1.731203e-05 3.601300e-02 2.565492e-02
   127      4.64882 9.168021e-03 1.313543e-06 4.499119e-03 2.300363e-02
   128      4.65424 8.744915e-03 1.742299e-05 1.657624e-02 9.641078e-03
   129      4.66648 7.028258e-04 2.572496e-07 1.524232e-04 1.955797e-03
   130      4.67870 8.420994e-03 6.778578e-05 1.497928e-02 1.021592e-02
   131      4.68251 1.146299e-03 1.505331e-04 1.944726e-03 1.343636e-03
   132      4.69764 5.535543e-04 2.508329e-05 7.026876e-04 9.328921e-04
   133      4.71519 2.063050e-03 2.791438e-05 2.861544e-03 3.299692e-03
   134      4.71579 9.556150e-03 4.110450e-03 1.131748e-02 1.324052e-02
   135      4.72741 1.328062e-02 2.887562e-04 2.329304e-03 3.722381e-02
   136      4.72790 1.101990e-02 9.571237e-08 3.148958e-02 1.570021e-03
   137      4.73633 1.152146e-02 1.193330e-09 2.462190e-02 9.942484e-03
   138      4.74368 2.236954e-03 1.222209e-04 5.954967e-03 6.336743e-04
   139      4.74874 7.037941e-04 1.711743e-03 1.802873e-05 3.816112e-04
   140      4.76085 3.816588e-03 2.758993e-03 1.678723e-03 7.012048e-03
   141      4.78665 1.667346e-02 4.231495e-02 2.426904e-03 5.278517e-03
   142      4.80349 8.774291e-04 1.808112e-03 2.619666e-05 7.979784e-04
   143      4.81375 2.249568e-02 5.531972e-02 4.955634e-03 7.211683e-03
   144      4.83405 2.026673e-03 4.067024e-03 4.688409e-04 1.544154e-03
   145      4.83552 3.082932e-03 6.000785e-03 2.503314e-03 7.446960e-04
   146      4.84703 2.077803e-05 1.242293e-05 5.436361e-08 4.985680e-05
   147      4.85740 4.354528e-04 1.248959e-03 2.150143e-06 5.524889e-05
   148      4.86404 1.276707e-04 2.956400e-04 5.134281e-05 3.602939e-05
   149      4.87620 4.037097e-04 2.580280e-06 7.337692e-04 4.747794e-04
   150      4.88374 7.485200e-04 1.098569e-05 1.022489e-03 1.212086e-03
   151      4.89565 7.718004e-04 1.993898e-04 2.113770e-03 2.241170e-06
   152      4.90096 1.052867e-03 5.961632e-04 7.588033e-04 1.803634e-03
   153      4.91753 2.989799e-03 8.828814e-04 7.913597e-03 1.729192e-04
   154      4.91925 2.714270e-03 1.146230e-03 1.747873e-04 6.821793e-03
   155      4.92790 1.165579e-03 4.109638e-05 1.677693e-03 1.777947e-03
   156      4.94747 3.932563e-03 5.484405e-03 1.786840e-03 4.526442e-03
   157      4.95857 7.621325e-04 7.496311e-04 6.453508e-05 1.472231e-03
   158      4.96017 1.020019e-03 1.859480e-03 8.356608e-04 3.649171e-04
   159      4.96798 7.361052e-04 1.149377e-03 8.528900e-04 2.060485e-04
   160      4.98047 4.375119e-04 8.664299e-04 4.090446e-04 3.706112e-05
   161      4.99168 4.939100e-04 2.481649e-04 7.521770e-04 4.813880e-04
   162      5.00284 1.896957e-03 5.498926e-03 7.585605e-08 1.918679e-04
   163      5.01125 1.781242e-03 5.228937e-03 3.262493e-06 1.115254e-04
   164      5.01462 6.476998e-03 1.575160e-02 1.207245e-03 2.472150e-03
   165      5.04208 3.753428e-03 1.410460e-03 1.144132e-03 8.705693e-03
   166      5.04676 1.229114e-03 2.486891e-04 3.412013e-03 2.663976e-05
   167      5.05626 1.155734e-02 3.466370e-02 8.323187e-06 6.161272e-11
   168      5.05824 7.933421e-04 2.336718e-03 6.643729e-07 4.264400e-05
   169      5.06031 2.042841e-03 2.498696e-03 1.635217e-03 1.994612e-03
   170      5.07103 1.214364e-03 6.483263e-04 2.266022e-03 7.287422e-04
   171      5.07626 4.086213e-03 2.635131e-04 7.992225e-03 4.002900e-03
   172      5.07974 4.792173e-03 1.321689e-02 3.484522e-04 8.111782e-04
   173      5.08695 6.769392e-03 1.462815e-02 2.330752e-03 3.349273e-03
   174      5.09686 4.344788e-03 7.982375e-04 6.926786e-03 5.309339e-03
   175      5.10894 3.589640e-03 8.390274e-03 1.331265e-04 2.245521e-03
   176      5.11326 5.625337e-03 1.425825e-02 2.531193e-03 8.656642e-05
   177      5.12818 1.109638e-03 2.299382e-03 7.969495e-05 9.498384e-04
   178      5.16113 1.156011e-03 9.320499e-07 4.570443e-04 3.010057e-03
   179      5.16333 6.104055e-04 1.908472e-05 1.713395e-03 9.873661e-05
   180      5.17397 1.569643e-03 9.512325e-06 7.121854e-05 4.628199e-03
   181      5.18322 5.096991e-03 9.873638e-07 4.600401e-03 1.068959e-02
   182      5.19049 5.602198e-04 5.022471e-05 2.168932e-04 1.413542e-03
   183      5.20061 1.805775e-02 1.605280e-05 2.871785e-02 2.543935e-02
   184      5.20929 9.380951e-03 2.533058e-05 2.621998e-02 1.897541e-03
   185      5.21172 3.263183e-03 2.886321e-04 3.630062e-03 5.870854e-03
   186      5.22352 1.458864e-02 1.032583e-05 1.762649e-02 2.612911e-02
   187      5.22600 4.606067e-03 4.995319e-03 5.244526e-03 3.578355e-03
   188      5.23580 2.192269e-03 1.018867e-03 2.720609e-04 5.285881e-03
   189      5.23898 6.965437e-03 9.565192e-05 1.897207e-02 1.828588e-03
   190      5.24418 2.028589e-03 5.410715e-06 4.770422e-03 1.309933e-03
   191      5.25403 1.989810e-03 4.276943e-03 1.099727e-03 5.927594e-04
   192      5.25925 3.112017e-02 1.948698e-03 2.809592e-02 6.331590e-02
   193      5.26140 5.209952e-03 1.035663e-03 1.459160e-02 2.591659e-06
   194      5.27778 7.579044e-03 5.066211e-04 8.550832e-03 1.367968e-02
   195      5.28255 2.378686e-03 3.586491e-06 1.995946e-03 5.136525e-03
   196      5.29215 3.531223e-02 1.206505e-06 5.952332e-02 4.641216e-02
   197      5.30336 7.373647e-04 6.539905e-05 4.404506e-05 2.102650e-03
   198      5.30946 2.961020e-04 8.845944e-04 3.549234e-06 1.624696e-07
   199      5.33365 1.025448e-03 1.048991e-05 1.013326e-03 2.052527e-03
   200      5.33822 2.097046e-03 3.570334e-03 1.418170e-03 1.302634e-03
   201      5.34766 2.802131e-04 1.419195e-08 8.276335e-05 7.578618e-04
   202      5.34785 2.867138e-03 8.280052e-03 2.842319e-04 3.712957e-05
   203      5.36391 1.408023e-03 1.361421e-04 2.089352e-03 1.998576e-03
   204      5.36772 5.084302e-04 1.545585e-05 5.656497e-05 1.453270e-03
   205      5.37060 3.629524e-04 3.696354e-04 5.584423e-04 1.607795e-04
   206      5.37330 1.462570e-03 1.916239e-03 2.002468e-03 4.690033e-04
   207      5.38473 2.069128e-03 1.195343e-04 2.834063e-03 3.253788e-03
   208      5.39999 3.914708e-04 2.859366e-06 7.627700e-04 4.087831e-04
   209      5.40551 1.298677e-04 1.447714e-04 2.102072e-04 3.462440e-05
   210      5.41999 3.415886e-03 1.450787e-03 5.193474e-03 3.603396e-03
   211      5.42119 3.193391e-03 8.358933e-03 8.292843e-04 3.919555e-04
   212      5.42728 9.050620e-04 1.673180e-03 8.444770e-05 9.575586e-04
   213      5.43305 1.492213e-04 1.901222e-04 2.606172e-06 2.549357e-04
   214      5.45243 3.293856e-03 1.156794e-04 2.580829e-03 7.185059e-03
   215      5.46192 4.750997e-03 2.116323e-03 8.456667e-03 3.680002e-03
   216      5.46464 9.784858e-04 4.179421e-04 2.761256e-04 2.241390e-03
   217      5.47629 8.824267e-04 2.867448e-04 1.026435e-03 1.334100e-03
   218      5.50029 2.256633e-03 4.956735e-03 9.902677e-04 8.228970e-04
   219      5.50788 3.781403e-03 1.067668e-02 2.936306e-04 3.738988e-04
   220      5.52647 8.014512e-04 1.208961e-05 1.183348e-03 1.208916e-03
   221      5.54560 1.669511e-04 4.746256e-05 3.812806e-04 7.211015e-05
   222      5.55221 1.004936e-03 3.196979e-07 1.444462e-03 1.570026e-03
   223      5.55534 6.905275e-04 4.347879e-04 6.059094e-04 1.030885e-03
   224      5.55646 2.164925e-04 3.540847e-05 3.505287e-04 2.635404e-04
   225      5.55923 1.088795e-03 1.164525e-03 6.179419e-04 1.483918e-03
   226      5.56655 1.083723e-03 3.064783e-03 6.097539e-05 1.254119e-04
   227      5.57537 5.473841e-04 4.794095e-06 4.595627e-05 1.591402e-03
   228      5.57768 1.156066e-03 7.686528e-05 2.827222e-03 5.641100e-04
   229      5.58797 8.701761e-04 4.172228e-07 1.402664e-03 1.207447e-03
   230      5.59349 4.422956e-05 1.019374e-05 4.811231e-05 7.438261e-05
   231      5.62228 1.524576e-03 4.558464e-03 9.989397e-06 5.273659e-06
   232      5.62672 1.160320e-03 1.758313e-03 1.838266e-05 1.704263e-03
   233      5.63044 9.542672e-04 1.772237e-03 1.061523e-03 2.904155e-05
   234      5.63393 5.100212e-04 1.275977e-04 1.084145e-03 3.183208e-04
   235      5.65085 8.484021e-05 2.520977e-06 1.471849e-04 1.048148e-04
   236      5.65368 1.526742e-04 9.195664e-05 2.987902e-04 6.727568e-05
   237      5.65989 2.503212e-04 6.927179e-04 3.729490e-05 2.095077e-05
   238      5.66636 2.371807e-04 6.915443e-07 4.718026e-04 2.390479e-04
   239      5.66805 1.341476e-03 2.071680e-06 1.191861e-03 2.830496e-03
   240      5.67632 1.478244e-03 3.343610e-03 5.424976e-04 5.486228e-04
   241      5.67918 2.586483e-04 6.279353e-04 1.238752e-04 2.413447e-05
   242      5.68552 1.082582e-03 5.598338e-04 1.128856e-03 1.559056e-03
   243      5.70253 1.635852e-05 2.298744e-05 1.304219e-05 1.304593e-05
   244      5.70876 4.717778e-04 7.423173e-05 8.231360e-04 5.179656e-04
   245      5.71330 1.163620e-04 2.170521e-05 1.057064e-04 2.216743e-04
   246      5.71929 2.037087e-03 1.004470e-03 3.228909e-03 1.877882e-03
   247      5.73523 3.200309e-03 5.779198e-04 1.388315e-03 7.634693e-03
   248      5.73638 1.410963e-04 5.141516e-05 1.054255e-04 2.664484e-04
   249      5.74299 3.970874e-03 1.322767e-03 1.054402e-02 4.583032e-05
   250      5.74596 2.076114e-03 7.339454e-04 4.731284e-04 5.021267e-03
   251      5.75170 4.604244e-04 3.026340e-04 5.109576e-04 5.676816e-04
   252      5.75850 6.498155e-04 6.946321e-05 1.664152e-03 2.158309e-04
   253      5.76353 3.905260e-03 8.786459e-03 1.005295e-03 1.924025e-03
   254      5.77785 3.433080e-03 4.521747e-04 6.881803e-03 2.965262e-03
   255      5.78269 7.347422e-03 1.135900e-03 6.072440e-03 1.483393e-02
   256      5.78525 2.965587e-03 2.268293e-03 6.291501e-03 3.369683e-04
   257      5.79551 2.505886e-03 1.071733e-04 6.925631e-03 4.848524e-04
   258      5.79684 3.898374e-03 1.552226e-05 4.815252e-03 6.864348e-03
   259      5.80422 2.558169e-04 9.519361e-05 1.011729e-04 5.710843e-04
   260      5.80672 1.420407e-03 5.901344e-05 3.089699e-03 1.112510e-03
   261      5.81921 2.501493e-03 2.085737e-04 2.820735e-03 4.475171e-03
   262      5.82079 1.793750e-04 1.758215e-05 4.967442e-04 2.379866e-05
   263      5.82590 1.303836e-03 3.356098e-04 2.616825e-04 3.314217e-03
   264      5.82816 1.759917e-03 1.257166e-05 2.549531e-03 2.717649e-03
   265      5.83845 7.070886e-04 1.252730e-04 4.212089e-04 1.574784e-03
   266      5.84171 2.621113e-04 5.552121e-04 4.482821e-05 1.862937e-04
   267      5.85339 6.792583e-05 2.130463e-05 1.806219e-04 1.850921e-06
   268      5.87480 1.116963e-03 3.809535e-07 1.036178e-03 2.314330e-03
   269      5.88857 4.750272e-04 3.053591e-06 1.181893e-03 2.401350e-04
   270      5.89597 1.256411e-03 5.378181e-04 1.049870e-03 2.181544e-03
   271      5.89763 2.043850e-04 6.804400e-05 6.622157e-06 5.384889e-04
   272      5.89845 3.307270e-04 3.508493e-04 5.258649e-04 1.154669e-04
   273      5.90582 1.730186e-03 4.547110e-03 2.197675e-04 4.236795e-04
   274      5.91412 2.542765e-04 3.498644e-07 3.786137e-04 3.838659e-04
   275      5.92125 1.929981e-04 3.835531e-04 7.336854e-05 1.220728e-04
   276      5.92898 4.277129e-04 6.558933e-04 6.100947e-04 1.715059e-05
   277      5.93352 9.907569e-05 1.459677e-04 1.077150e-04 4.354434e-05
   278      5.94093 2.851069e-03 8.452303e-03 8.946548e-05 1.143847e-05
   279      5.94471 4.941999e-05 7.687036e-07 1.307228e-04 1.676843e-05
   280      5.94874 7.381775e-05 5.454998e-06 2.508752e-05 1.909107e-04
   281      5.95437 2.406263e-04 6.403252e-04 9.683062e-06 7.187076e-05
   282      5.96640 9.346273e-05 7.875276e-05 1.214660e-04 8.016947e-05
   283      5.97080 1.768242e-03 7.688218e-05 2.765389e-03 2.462456e-03
   284      5.97995 1.293985e-04 2.809309e-04 5.852117e-05 4.874341e-05
   285      6.05829 4.725699e-02 3.099967e-05 7.504454e-02 6.669543e-02
   286      6.06713 5.047646e-02 8.105344e-05 7.190218e-02 7.944616e-02
   287      6.12455 3.924684e-02 1.115035e-01 2.569208e-03 3.667767e-03
   288      6.17810 1.491626e-03 3.098017e-03 3.814617e-04 9.953988e-04
