# Photoabsorption spectrum from real-time propagation
# GPAW version: 19.8.1
# Total time = 44.9700 fs, Time steps = [30.0000] as
# Kick = [0, 0, 1e-05]
# Gaussian folding, Width = 0.0600 eV = 0.002205 Hartree <=> FWHM = 0.141289 eV
#    om (eV)                  S_x                  S_y                  S_z
    0.000000     0.0000000000e+00     0.0000000000e+00     0.0000000000e+00
    0.050000     0.0000000000e+00    -0.0000000000e+00    -8.2593974567e-03
    0.100000     0.0000000000e+00    -0.0000000000e+00    -1.7997680004e-02
    0.150000     0.0000000000e+00    -0.0000000000e+00    -1.8737820406e-02
    0.200000     0.0000000000e+00     0.0000000000e+00    -1.7043802577e-02
    0.250000     0.0000000000e+00     0.0000000000e+00    -1.6165575654e-02
    0.300000     0.0000000000e+00     0.0000000000e+00    -1.5866089691e-02
    0.350000     0.0000000000e+00     0.0000000000e+00    -1.5647076650e-02
    0.400000     0.0000000000e+00     0.0000000000e+00    -1.5564537915e-02
    0.450000     0.0000000000e+00     0.0000000000e+00    -1.5498649744e-02
    0.500000     0.0000000000e+00     0.0000000000e+00    -1.5558032210e-02
    0.550000     0.0000000000e+00     0.0000000000e+00    -1.5584502414e-02
    0.600000     0.0000000000e+00     0.0000000000e+00    -1.5638097631e-02
    0.650000     0.0000000000e+00     0.0000000000e+00    -1.5777138172e-02
    0.700000     0.0000000000e+00     0.0000000000e+00    -1.5908391179e-02
    0.750000     0.0000000000e+00     0.0000000000e+00    -1.6200481758e-02
    0.800000     0.0000000000e+00     0.0000000000e+00    -1.6329979651e-02
    0.850000     0.0000000000e+00     0.0000000000e+00    -1.6631004831e-02
    0.900000     0.0000000000e+00     0.0000000000e+00    -1.6668721347e-02
    0.950000     0.0000000000e+00     0.0000000000e+00    -1.6912360588e-02
    1.000000     0.0000000000e+00     0.0000000000e+00    -1.6916930760e-02
    1.050000     0.0000000000e+00     0.0000000000e+00    -1.5772393076e-02
    1.100000     0.0000000000e+00     0.0000000000e+00    -3.9288618949e-03
    1.150000     0.0000000000e+00     0.0000000000e+00     4.4521433887e-02
    1.200000     0.0000000000e+00    -0.0000000000e+00     1.2530799063e-01
    1.250000     0.0000000000e+00     0.0000000000e+00     1.4673615038e-01
    1.300000     0.0000000000e+00     0.0000000000e+00     7.5479551041e-02
    1.350000     0.0000000000e+00     0.0000000000e+00     5.5986630852e-03
    1.400000     0.0000000000e+00     0.0000000000e+00    -2.0918374880e-02
    1.450000     0.0000000000e+00     0.0000000000e+00    -2.3808458965e-02
    1.500000     0.0000000000e+00     0.0000000000e+00    -6.0509215506e-03
    1.550000     0.0000000000e+00     0.0000000000e+00     4.8802949399e-02
    1.600000     0.0000000000e+00    -0.0000000000e+00     1.2751029637e-01
    1.650000     0.0000000000e+00    -0.0000000000e+00     2.9272362239e-01
    1.700000     0.0000000000e+00     0.0000000000e+00     7.0803707250e-01
    1.750000     0.0000000000e+00     0.0000000000e+00     1.1270635794e+00
    1.800000     0.0000000000e+00     0.0000000000e+00     1.0277051045e+00
    1.850000     0.0000000000e+00     0.0000000000e+00     5.2832955515e-01
    1.900000     0.0000000000e+00     0.0000000000e+00     1.3988552811e-01
    1.950000     0.0000000000e+00     0.0000000000e+00     1.0416484914e-02
    2.000000    -0.0000000000e+00     0.0000000000e+00     3.5841480026e-02
    2.050000    -0.0000000000e+00     0.0000000000e+00     1.3229779732e-01
    2.100000    -0.0000000000e+00     0.0000000000e+00     1.7814320479e-01
    2.150000     0.0000000000e+00     0.0000000000e+00     1.0094564542e-01
    2.200000     0.0000000000e+00     0.0000000000e+00     6.5128719666e-03
    2.250000     0.0000000000e+00     0.0000000000e+00    -2.6693283914e-02
    2.300000     0.0000000000e+00     0.0000000000e+00     3.7023903095e-02
    2.350000     0.0000000000e+00     0.0000000000e+00     3.5898696705e-01
    2.400000    -0.0000000000e+00     0.0000000000e+00     9.9517855766e-01
    2.450000    -0.0000000000e+00     0.0000000000e+00     1.6099738724e+00
    2.500000    -0.0000000000e+00     0.0000000000e+00     2.2581169149e+00
    2.550000     0.0000000000e+00     0.0000000000e+00     5.1547892053e+00
    2.600000     0.0000000000e+00    -0.0000000000e+00     1.4043308435e+01
    2.650000     0.0000000000e+00    -0.0000000000e+00     2.4473351263e+01
    2.700000     0.0000000000e+00     0.0000000000e+00     2.5600744411e+01
    2.750000     0.0000000000e+00     0.0000000000e+00     1.8895255464e+01
    2.800000     0.0000000000e+00    -0.0000000000e+00     1.0846014216e+01
    2.850000     0.0000000000e+00     0.0000000000e+00     4.4652547396e+00
    2.900000     0.0000000000e+00     0.0000000000e+00     1.7857973393e+00
    2.950000     0.0000000000e+00     0.0000000000e+00     1.4280623110e+00
    3.000000     0.0000000000e+00     0.0000000000e+00     1.0736301459e+00
    3.050000     0.0000000000e+00     0.0000000000e+00     5.6143503980e-01
    3.100000     0.0000000000e+00     0.0000000000e+00     4.4929438118e-01
    3.150000     0.0000000000e+00     0.0000000000e+00     4.7464660863e-01
    3.200000    -0.0000000000e+00     0.0000000000e+00     3.0441582907e-01
    3.250000     0.0000000000e+00     0.0000000000e+00     1.4811301401e-01
    3.300000     0.0000000000e+00     0.0000000000e+00     3.2940475673e-01
    3.350000     0.0000000000e+00    -0.0000000000e+00     9.9004441259e-01
    3.400000     0.0000000000e+00    -0.0000000000e+00     1.5833792541e+00
    3.450000     0.0000000000e+00     0.0000000000e+00     1.3559383870e+00
    3.500000     0.0000000000e+00     0.0000000000e+00     7.3466260783e-01
    3.550000     0.0000000000e+00     0.0000000000e+00     4.8926974750e-01
    3.600000     0.0000000000e+00     0.0000000000e+00     7.3363862849e-01
    3.650000     0.0000000000e+00     0.0000000000e+00     9.8835637857e-01
    3.700000     0.0000000000e+00    -0.0000000000e+00     9.1001507072e-01
    3.750000     0.0000000000e+00    -0.0000000000e+00     9.9343948230e-01
    3.800000    -0.0000000000e+00     0.0000000000e+00     1.3091577856e+00
    3.850000    -0.0000000000e+00     0.0000000000e+00     1.4018390890e+00
    3.900000     0.0000000000e+00    -0.0000000000e+00     1.7361238421e+00
    3.950000     0.0000000000e+00     0.0000000000e+00     2.4728284610e+00
    4.000000     0.0000000000e+00     0.0000000000e+00     2.5611550517e+00
    4.050000     0.0000000000e+00     0.0000000000e+00     1.7818491417e+00
    4.100000     0.0000000000e+00     0.0000000000e+00     1.0224259852e+00
    4.150000     0.0000000000e+00     0.0000000000e+00     6.3099363144e-01
    4.200000    -0.0000000000e+00     0.0000000000e+00     5.4237966980e-01
    4.250000    -0.0000000000e+00     0.0000000000e+00     6.6760074592e-01
    4.300000    -0.0000000000e+00     0.0000000000e+00     6.3261352748e-01
    4.350000    -0.0000000000e+00     0.0000000000e+00     3.6667632827e-01
    4.400000    -0.0000000000e+00     0.0000000000e+00     1.6460054996e-01
    4.450000     0.0000000000e+00     0.0000000000e+00     1.5604147783e-01
    4.500000     0.0000000000e+00     0.0000000000e+00     3.4112042496e-01
    4.550000     0.0000000000e+00     0.0000000000e+00     6.3124918793e-01
    4.600000     0.0000000000e+00    -0.0000000000e+00     8.0537201109e-01
    4.650000     0.0000000000e+00    -0.0000000000e+00     7.9247576218e-01
    4.700000     0.0000000000e+00     0.0000000000e+00     6.4389515906e-01
    4.750000     0.0000000000e+00     0.0000000000e+00     4.0048967128e-01
    4.800000     0.0000000000e+00     0.0000000000e+00     2.1905767745e-01
    4.850000     0.0000000000e+00     0.0000000000e+00     1.7141734850e-01
    4.900000     0.0000000000e+00     0.0000000000e+00     1.7269030205e-01
    4.950000     0.0000000000e+00     0.0000000000e+00     1.7636855916e-01
    5.000000     0.0000000000e+00    -0.0000000000e+00     2.2362691895e-01
    5.050000    -0.0000000000e+00     0.0000000000e+00     3.5489276890e-01
    5.100000    -0.0000000000e+00     0.0000000000e+00     5.9583519575e-01
    5.150000    -0.0000000000e+00     0.0000000000e+00     8.7050284115e-01
    5.200000     0.0000000000e+00     0.0000000000e+00     9.3017022177e-01
    5.250000     0.0000000000e+00    -0.0000000000e+00     7.1202651703e-01
    5.300000     0.0000000000e+00     0.0000000000e+00     4.0874515555e-01
    5.350000    -0.0000000000e+00     0.0000000000e+00     1.9474331748e-01
    5.400000    -0.0000000000e+00     0.0000000000e+00     9.6651555980e-02
    5.450000     0.0000000000e+00     0.0000000000e+00     6.4889691683e-02
    5.500000     0.0000000000e+00     0.0000000000e+00     9.1762494600e-02
    5.550000     0.0000000000e+00     0.0000000000e+00     1.4378549949e-01
    5.600000     0.0000000000e+00     0.0000000000e+00     1.7704266773e-01
    5.650000     0.0000000000e+00     0.0000000000e+00     2.2833059441e-01
    5.700000    -0.0000000000e+00     0.0000000000e+00     2.7200158050e-01
    5.750000    -0.0000000000e+00     0.0000000000e+00     2.1858199130e-01
    5.800000    -0.0000000000e+00     0.0000000000e+00     1.2607434381e-01
    5.850000     0.0000000000e+00     0.0000000000e+00     1.0581676889e-01
    5.900000     0.0000000000e+00     0.0000000000e+00     1.4157081286e-01
    5.950000     0.0000000000e+00    -0.0000000000e+00     1.4449465243e-01
    6.000000    -0.0000000000e+00    -0.0000000000e+00     9.3591325332e-02
    6.050000    -0.0000000000e+00     0.0000000000e+00     5.7029107102e-02
    6.100000     0.0000000000e+00     0.0000000000e+00     6.3654720674e-02
    6.150000     0.0000000000e+00     0.0000000000e+00     8.1175851976e-02
    6.200000     0.0000000000e+00    -0.0000000000e+00     8.1142924912e-02
    6.250000     0.0000000000e+00    -0.0000000000e+00     7.0079969267e-02
    6.300000     0.0000000000e+00     0.0000000000e+00     9.3891713401e-02
    6.350000     0.0000000000e+00     0.0000000000e+00     1.4855883844e-01
    6.400000     0.0000000000e+00     0.0000000000e+00     1.6671571669e-01
    6.450000    -0.0000000000e+00     0.0000000000e+00     1.3507309057e-01
    6.500000    -0.0000000000e+00     0.0000000000e+00     8.4120452509e-02
    6.550000    -0.0000000000e+00     0.0000000000e+00     4.7852049414e-02
    6.600000    -0.0000000000e+00     0.0000000000e+00     5.1783969134e-02
    6.650000     0.0000000000e+00     0.0000000000e+00     7.9334489698e-02
    6.700000     0.0000000000e+00     0.0000000000e+00     9.0168477047e-02
    6.750000     0.0000000000e+00     0.0000000000e+00     7.6977383535e-02
    6.800000    -0.0000000000e+00     0.0000000000e+00     6.5531258087e-02
    6.850000    -0.0000000000e+00     0.0000000000e+00     7.2079910282e-02
    6.900000     0.0000000000e+00     0.0000000000e+00     7.8470782454e-02
    6.950000    -0.0000000000e+00     0.0000000000e+00     7.4942121180e-02
    7.000000    -0.0000000000e+00     0.0000000000e+00     9.4806044628e-02
    7.050000    -0.0000000000e+00     0.0000000000e+00     1.2650664528e-01
    7.100000    -0.0000000000e+00     0.0000000000e+00     1.2116603854e-01
    7.150000    -0.0000000000e+00    -0.0000000000e+00     8.4813030690e-02
    7.200000     0.0000000000e+00    -0.0000000000e+00     5.6495928985e-02
    7.250000     0.0000000000e+00    -0.0000000000e+00     4.0807439455e-02
    7.300000     0.0000000000e+00    -0.0000000000e+00     2.5845284362e-02
    7.350000     0.0000000000e+00     0.0000000000e+00     1.8955818915e-02
    7.400000     0.0000000000e+00     0.0000000000e+00     2.1809228719e-02
    7.450000    -0.0000000000e+00     0.0000000000e+00     2.3179171545e-02
    7.500000    -0.0000000000e+00     0.0000000000e+00     2.2269979481e-02
    7.550000     0.0000000000e+00     0.0000000000e+00     2.4432830417e-02
    7.600000     0.0000000000e+00     0.0000000000e+00     2.4964313437e-02
    7.650000     0.0000000000e+00     0.0000000000e+00     2.6161502749e-02
    7.700000     0.0000000000e+00     0.0000000000e+00     2.9004543375e-02
    7.750000     0.0000000000e+00     0.0000000000e+00     2.7363216483e-02
    7.800000     0.0000000000e+00     0.0000000000e+00     2.0204963072e-02
    7.850000    -0.0000000000e+00     0.0000000000e+00     1.6779501475e-02
    7.900000    -0.0000000000e+00     0.0000000000e+00     2.2788528862e-02
    7.950000    -0.0000000000e+00     0.0000000000e+00     2.8455738661e-02
    8.000000     0.0000000000e+00    -0.0000000000e+00     1.9785903652e-02
    8.050000     0.0000000000e+00     0.0000000000e+00     5.3460179049e-03
    8.100000     0.0000000000e+00     0.0000000000e+00     4.5467997029e-03
    8.150000     0.0000000000e+00     0.0000000000e+00     1.4371581817e-02
    8.200000     0.0000000000e+00     0.0000000000e+00     2.1291967618e-02
    8.250000    -0.0000000000e+00     0.0000000000e+00     2.1003211362e-02
    8.300000     0.0000000000e+00     0.0000000000e+00     1.8826912532e-02
    8.350000     0.0000000000e+00     0.0000000000e+00     1.6623618190e-02
    8.400000     0.0000000000e+00     0.0000000000e+00     1.4606472006e-02
    8.450000    -0.0000000000e+00     0.0000000000e+00     1.8105933254e-02
    8.500000    -0.0000000000e+00     0.0000000000e+00     2.4668616752e-02
    8.550000    -0.0000000000e+00     0.0000000000e+00     2.4658798379e-02
    8.600000    -0.0000000000e+00     0.0000000000e+00     2.2415143265e-02
    8.650000    -0.0000000000e+00     0.0000000000e+00     2.8492332422e-02
    8.700000    -0.0000000000e+00     0.0000000000e+00     3.6370752361e-02
    8.750000    -0.0000000000e+00     0.0000000000e+00     3.7215238920e-02
    8.800000    -0.0000000000e+00     0.0000000000e+00     3.0672075446e-02
    8.850000    -0.0000000000e+00     0.0000000000e+00     2.1659287344e-02
    8.900000     0.0000000000e+00     0.0000000000e+00     1.4808410227e-02
    8.950000     0.0000000000e+00     0.0000000000e+00     1.2202058189e-02
    9.000000     0.0000000000e+00     0.0000000000e+00     1.5304152483e-02
    9.050000     0.0000000000e+00     0.0000000000e+00     1.9069074663e-02
    9.100000     0.0000000000e+00    -0.0000000000e+00     1.4068254842e-02
    9.150000    -0.0000000000e+00    -0.0000000000e+00     8.4879020857e-03
    9.200000    -0.0000000000e+00     0.0000000000e+00     1.5182805128e-02
    9.250000    -0.0000000000e+00     0.0000000000e+00     2.6373630941e-02
    9.300000    -0.0000000000e+00     0.0000000000e+00     2.9762316383e-02
    9.350000     0.0000000000e+00    -0.0000000000e+00     2.2847152340e-02
    9.400000    -0.0000000000e+00     0.0000000000e+00     1.2752570749e-02
    9.450000    -0.0000000000e+00     0.0000000000e+00     4.6081405264e-03
    9.500000    -0.0000000000e+00     0.0000000000e+00    -8.2021191081e-04
    9.550000     0.0000000000e+00     0.0000000000e+00    -1.7408358846e-03
    9.600000     0.0000000000e+00     0.0000000000e+00     2.6493646842e-03
    9.650000     0.0000000000e+00     0.0000000000e+00     9.6830867165e-03
    9.700000     0.0000000000e+00     0.0000000000e+00     1.5977310946e-02
    9.750000     0.0000000000e+00     0.0000000000e+00     1.7751442794e-02
    9.800000     0.0000000000e+00     0.0000000000e+00     1.5897016379e-02
    9.850000     0.0000000000e+00     0.0000000000e+00     1.6700887492e-02
    9.900000     0.0000000000e+00     0.0000000000e+00     1.6664819002e-02
    9.950000     0.0000000000e+00     0.0000000000e+00     1.3831901769e-02
   10.000000     0.0000000000e+00     0.0000000000e+00     1.2017088604e-02
   10.050000    -0.0000000000e+00     0.0000000000e+00     1.4762165511e-02
   10.100000    -0.0000000000e+00     0.0000000000e+00     1.9263627321e-02
   10.150000    -0.0000000000e+00     0.0000000000e+00     2.0228277213e-02
   10.200000    -0.0000000000e+00     0.0000000000e+00     1.5646623433e-02
   10.250000    -0.0000000000e+00    -0.0000000000e+00     9.0249388885e-03
   10.300000    -0.0000000000e+00    -0.0000000000e+00     6.4080370498e-03
   10.350000    -0.0000000000e+00     0.0000000000e+00     7.7041947627e-03
   10.400000    -0.0000000000e+00     0.0000000000e+00     1.0776615939e-02
   10.450000     0.0000000000e+00     0.0000000000e+00     1.3348295532e-02
   10.500000     0.0000000000e+00     0.0000000000e+00     1.3376338142e-02
   10.550000     0.0000000000e+00     0.0000000000e+00     1.0749734077e-02
   10.600000     0.0000000000e+00     0.0000000000e+00     8.5613360312e-03
   10.650000    -0.0000000000e+00     0.0000000000e+00     7.2206976366e-03
   10.700000    -0.0000000000e+00     0.0000000000e+00     7.4287564715e-03
   10.750000    -0.0000000000e+00     0.0000000000e+00     9.6088171728e-03
   10.800000    -0.0000000000e+00     0.0000000000e+00     1.2430992976e-02
   10.850000    -0.0000000000e+00     0.0000000000e+00     1.4261564311e-02
   10.900000    -0.0000000000e+00     0.0000000000e+00     1.4118704163e-02
   10.950000    -0.0000000000e+00     0.0000000000e+00     1.4625574040e-02
   11.000000    -0.0000000000e+00     0.0000000000e+00     1.5410010200e-02
   11.050000    -0.0000000000e+00     0.0000000000e+00     1.3412004131e-02
   11.100000    -0.0000000000e+00     0.0000000000e+00     8.9354811095e-03
   11.150000    -0.0000000000e+00     0.0000000000e+00     7.1886927188e-03
   11.200000    -0.0000000000e+00    -0.0000000000e+00     7.4755433116e-03
   11.250000     0.0000000000e+00     0.0000000000e+00     7.8803080764e-03
   11.300000    -0.0000000000e+00     0.0000000000e+00     9.5878315339e-03
   11.350000    -0.0000000000e+00     0.0000000000e+00     1.3200362617e-02
   11.400000    -0.0000000000e+00     0.0000000000e+00     1.6975045500e-02
   11.450000    -0.0000000000e+00     0.0000000000e+00     1.8104938046e-02
   11.500000    -0.0000000000e+00     0.0000000000e+00     1.6555724597e-02
   11.550000    -0.0000000000e+00     0.0000000000e+00     1.4267842666e-02
   11.600000    -0.0000000000e+00     0.0000000000e+00     1.4759699133e-02
   11.650000    -0.0000000000e+00    -0.0000000000e+00     1.6871713473e-02
   11.700000    -0.0000000000e+00    -0.0000000000e+00     1.8309658294e-02
   11.750000    -0.0000000000e+00     0.0000000000e+00     1.8958359727e-02
   11.800000    -0.0000000000e+00     0.0000000000e+00     1.9177879793e-02
   11.850000     0.0000000000e+00     0.0000000000e+00     1.6748072240e-02
   11.900000     0.0000000000e+00     0.0000000000e+00     1.2514652852e-02
   11.950000     0.0000000000e+00     0.0000000000e+00     1.0045483845e-02
   12.000000     0.0000000000e+00     0.0000000000e+00     1.0015347578e-02
   12.050000     0.0000000000e+00     0.0000000000e+00     1.1087936854e-02
   12.100000     0.0000000000e+00    -0.0000000000e+00     1.1093167442e-02
   12.150000     0.0000000000e+00     0.0000000000e+00     1.1401703793e-02
   12.200000     0.0000000000e+00     0.0000000000e+00     1.2629769823e-02
   12.250000     0.0000000000e+00     0.0000000000e+00     1.5751712187e-02
   12.300000     0.0000000000e+00     0.0000000000e+00     2.0433683958e-02
   12.350000    -0.0000000000e+00     0.0000000000e+00     2.5695167589e-02
   12.400000    -0.0000000000e+00     0.0000000000e+00     2.8456510614e-02
   12.450000    -0.0000000000e+00     0.0000000000e+00     2.5789313420e-02
   12.500000     0.0000000000e+00     0.0000000000e+00     2.0428353608e-02
   12.550000     0.0000000000e+00     0.0000000000e+00     1.6247758236e-02
   12.600000     0.0000000000e+00     0.0000000000e+00     1.3067028996e-02
   12.650000     0.0000000000e+00     0.0000000000e+00     1.0337057609e-02
   12.700000     0.0000000000e+00     0.0000000000e+00     1.0130648521e-02
   12.750000    -0.0000000000e+00     0.0000000000e+00     1.1271855024e-02
   12.800000     0.0000000000e+00    -0.0000000000e+00     1.2777887361e-02
   12.850000     0.0000000000e+00    -0.0000000000e+00     1.3561027135e-02
   12.900000     0.0000000000e+00     0.0000000000e+00     1.3570200399e-02
   12.950000     0.0000000000e+00     0.0000000000e+00     1.3606792065e-02
   13.000000    -0.0000000000e+00     0.0000000000e+00     1.4725575086e-02
   13.050000    -0.0000000000e+00     0.0000000000e+00     1.5573237534e-02
   13.100000    -0.0000000000e+00     0.0000000000e+00     1.4548602950e-02
   13.150000     0.0000000000e+00     0.0000000000e+00     1.4005677457e-02
   13.200000     0.0000000000e+00     0.0000000000e+00     1.4444687093e-02
   13.250000     0.0000000000e+00     0.0000000000e+00     1.5161835387e-02
   13.300000    -0.0000000000e+00     0.0000000000e+00     1.4701003042e-02
   13.350000    -0.0000000000e+00     0.0000000000e+00     1.3343024436e-02
   13.400000    -0.0000000000e+00     0.0000000000e+00     1.2531629205e-02
   13.450000    -0.0000000000e+00     0.0000000000e+00     1.3696280005e-02
   13.500000    -0.0000000000e+00    -0.0000000000e+00     1.4698032382e-02
   13.550000    -0.0000000000e+00     0.0000000000e+00     1.4099395427e-02
   13.600000    -0.0000000000e+00     0.0000000000e+00     1.2484486078e-02
   13.650000    -0.0000000000e+00     0.0000000000e+00     1.1653916723e-02
   13.700000    -0.0000000000e+00     0.0000000000e+00     1.2708714206e-02
   13.750000    -0.0000000000e+00    -0.0000000000e+00     1.3143262860e-02
   13.800000    -0.0000000000e+00     0.0000000000e+00     1.2767906886e-02
   13.850000    -0.0000000000e+00     0.0000000000e+00     1.3134066290e-02
   13.900000     0.0000000000e+00     0.0000000000e+00     1.6656038074e-02
   13.950000    -0.0000000000e+00     0.0000000000e+00     2.2091430331e-02
   14.000000     0.0000000000e+00     0.0000000000e+00     2.3920630851e-02
   14.050000    -0.0000000000e+00    -0.0000000000e+00     2.0311123753e-02
   14.100000    -0.0000000000e+00    -0.0000000000e+00     1.6155265360e-02
   14.150000    -0.0000000000e+00     0.0000000000e+00     1.3514347897e-02
   14.200000    -0.0000000000e+00     0.0000000000e+00     1.1648946026e-02
   14.250000    -0.0000000000e+00     0.0000000000e+00     1.1228101720e-02
   14.300000    -0.0000000000e+00     0.0000000000e+00     1.1750485240e-02
   14.350000    -0.0000000000e+00     0.0000000000e+00     1.2288966424e-02
   14.400000    -0.0000000000e+00     0.0000000000e+00     1.3427034214e-02
   14.450000     0.0000000000e+00     0.0000000000e+00     1.6107055916e-02
   14.500000     0.0000000000e+00     0.0000000000e+00     1.8217145375e-02
   14.550000     0.0000000000e+00     0.0000000000e+00     2.0911745474e-02
   14.600000     0.0000000000e+00    -0.0000000000e+00     2.3146979421e-02
   14.650000     0.0000000000e+00     0.0000000000e+00     2.2467341539e-02
   14.700000     0.0000000000e+00     0.0000000000e+00     1.9023295419e-02
   14.750000     0.0000000000e+00     0.0000000000e+00     1.5038387913e-02
   14.800000     0.0000000000e+00     0.0000000000e+00     1.2350546840e-02
   14.850000     0.0000000000e+00     0.0000000000e+00     1.0210807298e-02
   14.900000    -0.0000000000e+00     0.0000000000e+00     9.6895402744e-03
   14.950000    -0.0000000000e+00     0.0000000000e+00     1.0232634922e-02
   15.000000     0.0000000000e+00     0.0000000000e+00     1.1942439317e-02
   15.050000     0.0000000000e+00     0.0000000000e+00     1.4983152435e-02
   15.100000     0.0000000000e+00     0.0000000000e+00     1.8818701095e-02
   15.150000     0.0000000000e+00     0.0000000000e+00     2.1372192722e-02
   15.200000     0.0000000000e+00     0.0000000000e+00     2.0399585266e-02
   15.250000     0.0000000000e+00     0.0000000000e+00     1.6433954193e-02
   15.300000    -0.0000000000e+00     0.0000000000e+00     1.2635692370e-02
   15.350000    -0.0000000000e+00     0.0000000000e+00     1.0648228822e-02
   15.400000    -0.0000000000e+00     0.0000000000e+00     1.0512228216e-02
   15.450000    -0.0000000000e+00     0.0000000000e+00     1.1693677830e-02
   15.500000    -0.0000000000e+00     0.0000000000e+00     1.2941145849e-02
   15.550000    -0.0000000000e+00     0.0000000000e+00     1.4708241109e-02
   15.600000    -0.0000000000e+00     0.0000000000e+00     1.5825102303e-02
   15.650000     0.0000000000e+00     0.0000000000e+00     1.5962584130e-02
   15.700000     0.0000000000e+00    -0.0000000000e+00     1.5192706160e-02
   15.750000     0.0000000000e+00    -0.0000000000e+00     1.4691363573e-02
   15.800000     0.0000000000e+00    -0.0000000000e+00     1.4158218139e-02
   15.850000     0.0000000000e+00     0.0000000000e+00     1.2987344747e-02
   15.900000    -0.0000000000e+00     0.0000000000e+00     1.1931545945e-02
   15.950000    -0.0000000000e+00     0.0000000000e+00     1.2430398408e-02
   16.000000     0.0000000000e+00     0.0000000000e+00     1.5918164461e-02
   16.050000     0.0000000000e+00     0.0000000000e+00     1.9451091915e-02
   16.100000     0.0000000000e+00     0.0000000000e+00     1.9082658496e-02
   16.150000     0.0000000000e+00    -0.0000000000e+00     1.6090795914e-02
   16.200000     0.0000000000e+00     0.0000000000e+00     1.4981493331e-02
   16.250000    -0.0000000000e+00     0.0000000000e+00     1.5068557130e-02
   16.300000    -0.0000000000e+00     0.0000000000e+00     1.6459214037e-02
   16.350000     0.0000000000e+00     0.0000000000e+00     1.8473050798e-02
   16.400000     0.0000000000e+00     0.0000000000e+00     1.8990083609e-02
   16.450000     0.0000000000e+00     0.0000000000e+00     1.9428000925e-02
   16.500000     0.0000000000e+00     0.0000000000e+00     1.8680635768e-02
   16.550000    -0.0000000000e+00     0.0000000000e+00     1.5523306500e-02
   16.600000    -0.0000000000e+00     0.0000000000e+00     1.3499457935e-02
   16.650000    -0.0000000000e+00     0.0000000000e+00     1.4928156915e-02
   16.700000     0.0000000000e+00     0.0000000000e+00     1.7295281536e-02
   16.750000     0.0000000000e+00     0.0000000000e+00     1.9613869172e-02
   16.800000     0.0000000000e+00     0.0000000000e+00     2.0476295348e-02
   16.850000    -0.0000000000e+00     0.0000000000e+00     1.9201369164e-02
   16.900000     0.0000000000e+00     0.0000000000e+00     1.6704380142e-02
   16.950000     0.0000000000e+00    -0.0000000000e+00     1.6166264803e-02
   17.000000     0.0000000000e+00    -0.0000000000e+00     1.7978118793e-02
   17.050000     0.0000000000e+00     0.0000000000e+00     1.9512481316e-02
   17.100000     0.0000000000e+00     0.0000000000e+00     1.9491487186e-02
   17.150000     0.0000000000e+00     0.0000000000e+00     1.8431856564e-02
   17.200000    -0.0000000000e+00    -0.0000000000e+00     1.8869302862e-02
   17.250000    -0.0000000000e+00    -0.0000000000e+00     1.9779326428e-02
   17.300000     0.0000000000e+00    -0.0000000000e+00     1.9845927481e-02
   17.350000     0.0000000000e+00     0.0000000000e+00     1.9763315677e-02
   17.400000     0.0000000000e+00     0.0000000000e+00     2.0065659127e-02
   17.450000     0.0000000000e+00     0.0000000000e+00     1.8658918030e-02
   17.500000     0.0000000000e+00     0.0000000000e+00     1.5482505402e-02
   17.550000     0.0000000000e+00     0.0000000000e+00     1.2337089520e-02
   17.600000    -0.0000000000e+00     0.0000000000e+00     1.1213799369e-02
   17.650000    -0.0000000000e+00     0.0000000000e+00     1.1306116289e-02
   17.700000     0.0000000000e+00     0.0000000000e+00     1.0879975643e-02
   17.750000     0.0000000000e+00     0.0000000000e+00     1.1741327421e-02
   17.800000     0.0000000000e+00     0.0000000000e+00     1.3146365745e-02
   17.850000     0.0000000000e+00     0.0000000000e+00     1.3947488703e-02
   17.900000    -0.0000000000e+00     0.0000000000e+00     1.4189294394e-02
   17.950000    -0.0000000000e+00     0.0000000000e+00     1.4008262668e-02
   18.000000    -0.0000000000e+00     0.0000000000e+00     1.3304597448e-02
   18.050000     0.0000000000e+00     0.0000000000e+00     1.3193276321e-02
   18.100000     0.0000000000e+00     0.0000000000e+00     1.3747123928e-02
   18.150000     0.0000000000e+00     0.0000000000e+00     1.4862695822e-02
   18.200000     0.0000000000e+00     0.0000000000e+00     1.5619157397e-02
   18.250000    -0.0000000000e+00     0.0000000000e+00     1.4510165711e-02
   18.300000    -0.0000000000e+00     0.0000000000e+00     1.2281772153e-02
   18.350000    -0.0000000000e+00    -0.0000000000e+00     1.0011197875e-02
   18.400000    -0.0000000000e+00     0.0000000000e+00     9.0625796688e-03
   18.450000    -0.0000000000e+00     0.0000000000e+00     9.1907653750e-03
   18.500000    -0.0000000000e+00     0.0000000000e+00     1.1034155516e-02
   18.550000    -0.0000000000e+00     0.0000000000e+00     1.2860232783e-02
   18.600000    -0.0000000000e+00     0.0000000000e+00     1.2998014715e-02
   18.650000    -0.0000000000e+00     0.0000000000e+00     1.1948429997e-02
   18.700000     0.0000000000e+00     0.0000000000e+00     1.1299978954e-02
   18.750000     0.0000000000e+00     0.0000000000e+00     1.1408345466e-02
   18.800000    -0.0000000000e+00     0.0000000000e+00     1.1949630604e-02
   18.850000    -0.0000000000e+00     0.0000000000e+00     1.3633371354e-02
   18.900000     0.0000000000e+00     0.0000000000e+00     1.5719199654e-02
   18.950000     0.0000000000e+00    -0.0000000000e+00     1.8338770860e-02
   19.000000     0.0000000000e+00     0.0000000000e+00     1.9479113628e-02
   19.050000     0.0000000000e+00     0.0000000000e+00     1.6913695080e-02
   19.100000    -0.0000000000e+00     0.0000000000e+00     1.2160006332e-02
   19.150000    -0.0000000000e+00     0.0000000000e+00     9.8202119544e-03
   19.200000    -0.0000000000e+00     0.0000000000e+00     1.0565274118e-02
   19.250000    -0.0000000000e+00     0.0000000000e+00     1.2765298500e-02
   19.300000    -0.0000000000e+00     0.0000000000e+00     1.4451840688e-02
   19.350000     0.0000000000e+00     0.0000000000e+00     1.4252380636e-02
   19.400000     0.0000000000e+00     0.0000000000e+00     1.3292825812e-02
   19.450000    -0.0000000000e+00     0.0000000000e+00     1.2508961970e-02
   19.500000    -0.0000000000e+00     0.0000000000e+00     1.3267068358e-02
   19.550000    -0.0000000000e+00     0.0000000000e+00     1.4890663554e-02
   19.600000    -0.0000000000e+00     0.0000000000e+00     1.6376675115e-02
   19.650000     0.0000000000e+00     0.0000000000e+00     1.5740621396e-02
   19.700000     0.0000000000e+00     0.0000000000e+00     1.3785381442e-02
   19.750000     0.0000000000e+00    -0.0000000000e+00     1.3033326394e-02
   19.800000     0.0000000000e+00    -0.0000000000e+00     1.3600902287e-02
   19.850000     0.0000000000e+00    -0.0000000000e+00     1.3284254902e-02
   19.900000     0.0000000000e+00     0.0000000000e+00     1.2393039964e-02
   19.950000     0.0000000000e+00     0.0000000000e+00     1.3046121704e-02
   20.000000     0.0000000000e+00     0.0000000000e+00     1.3669845648e-02
   20.050000     0.0000000000e+00    -0.0000000000e+00     1.3725417194e-02
   20.100000     0.0000000000e+00    -0.0000000000e+00     1.3706564092e-02
   20.150000    -0.0000000000e+00    -0.0000000000e+00     1.4629829771e-02
   20.200000     0.0000000000e+00    -0.0000000000e+00     1.6076749502e-02
   20.250000     0.0000000000e+00    -0.0000000000e+00     1.7488176534e-02
   20.300000     0.0000000000e+00     0.0000000000e+00     1.7925129477e-02
   20.350000    -0.0000000000e+00     0.0000000000e+00     1.7763894237e-02
   20.400000    -0.0000000000e+00     0.0000000000e+00     1.7631620804e-02
   20.450000     0.0000000000e+00     0.0000000000e+00     1.7414074443e-02
   20.500000     0.0000000000e+00     0.0000000000e+00     1.5905630388e-02
   20.550000     0.0000000000e+00     0.0000000000e+00     1.2674661857e-02
   20.600000     0.0000000000e+00     0.0000000000e+00     1.1992302012e-02
   20.650000     0.0000000000e+00     0.0000000000e+00     1.4394971513e-02
   20.700000     0.0000000000e+00     0.0000000000e+00     1.6480287717e-02
   20.750000     0.0000000000e+00     0.0000000000e+00     1.6713239488e-02
   20.800000     0.0000000000e+00     0.0000000000e+00     1.6805762325e-02
   20.850000     0.0000000000e+00     0.0000000000e+00     1.5883230957e-02
   20.900000     0.0000000000e+00     0.0000000000e+00     1.3739420139e-02
   20.950000     0.0000000000e+00     0.0000000000e+00     1.1965676407e-02
   21.000000     0.0000000000e+00    -0.0000000000e+00     1.1842905852e-02
   21.050000     0.0000000000e+00    -0.0000000000e+00     1.2898362703e-02
   21.100000     0.0000000000e+00     0.0000000000e+00     1.3174740164e-02
   21.150000     0.0000000000e+00     0.0000000000e+00     1.2862380133e-02
   21.200000     0.0000000000e+00     0.0000000000e+00     1.2250922146e-02
   21.250000     0.0000000000e+00     0.0000000000e+00     1.2418496135e-02
   21.300000     0.0000000000e+00     0.0000000000e+00     1.3664902283e-02
   21.350000     0.0000000000e+00     0.0000000000e+00     1.5404759195e-02
   21.400000     0.0000000000e+00     0.0000000000e+00     1.6024379953e-02
   21.450000     0.0000000000e+00     0.0000000000e+00     1.5573600752e-02
   21.500000    -0.0000000000e+00     0.0000000000e+00     1.4363478677e-02
   21.550000    -0.0000000000e+00     0.0000000000e+00     1.4300839823e-02
   21.600000    -0.0000000000e+00     0.0000000000e+00     1.5842976964e-02
   21.650000    -0.0000000000e+00     0.0000000000e+00     1.5843855778e-02
   21.700000    -0.0000000000e+00     0.0000000000e+00     1.3885194654e-02
   21.750000    -0.0000000000e+00     0.0000000000e+00     1.2348653586e-02
   21.800000    -0.0000000000e+00     0.0000000000e+00     1.3640131122e-02
   21.850000    -0.0000000000e+00     0.0000000000e+00     1.6852129879e-02
   21.900000     0.0000000000e+00     0.0000000000e+00     2.1326482837e-02
   21.950000     0.0000000000e+00    -0.0000000000e+00     2.4256535007e-02
   22.000000     0.0000000000e+00    -0.0000000000e+00     2.2533521323e-02
   22.050000     0.0000000000e+00    -0.0000000000e+00     1.6834177830e-02
   22.100000    -0.0000000000e+00     0.0000000000e+00     1.1394050649e-02
   22.150000    -0.0000000000e+00     0.0000000000e+00     9.7670846091e-03
   22.200000     0.0000000000e+00     0.0000000000e+00     1.0662853384e-02
   22.250000     0.0000000000e+00     0.0000000000e+00     1.1932584327e-02
   22.300000     0.0000000000e+00     0.0000000000e+00     1.1588663583e-02
   22.350000     0.0000000000e+00     0.0000000000e+00     9.9524433712e-03
   22.400000     0.0000000000e+00     0.0000000000e+00     8.1578177568e-03
   22.450000     0.0000000000e+00     0.0000000000e+00     7.9709100454e-03
   22.500000     0.0000000000e+00     0.0000000000e+00     9.0167292248e-03
   22.550000     0.0000000000e+00     0.0000000000e+00     1.0944167435e-02
   22.600000     0.0000000000e+00     0.0000000000e+00     1.2700403807e-02
   22.650000     0.0000000000e+00     0.0000000000e+00     1.3765557135e-02
   22.700000     0.0000000000e+00     0.0000000000e+00     1.3660597366e-02
   22.750000     0.0000000000e+00     0.0000000000e+00     1.1885358260e-02
   22.800000     0.0000000000e+00     0.0000000000e+00     1.0381546292e-02
   22.850000     0.0000000000e+00     0.0000000000e+00     9.4816128858e-03
   22.900000     0.0000000000e+00     0.0000000000e+00     9.2285683277e-03
   22.950000     0.0000000000e+00     0.0000000000e+00     9.5340110512e-03
   23.000000     0.0000000000e+00    -0.0000000000e+00     1.0189408689e-02
   23.050000     0.0000000000e+00    -0.0000000000e+00     1.0316746457e-02
   23.100000     0.0000000000e+00    -0.0000000000e+00     1.0720177587e-02
   23.150000     0.0000000000e+00    -0.0000000000e+00     1.0881237836e-02
   23.200000     0.0000000000e+00     0.0000000000e+00     1.1276150035e-02
   23.250000     0.0000000000e+00     0.0000000000e+00     1.3195230213e-02
   23.300000     0.0000000000e+00     0.0000000000e+00     1.4436806604e-02
   23.350000    -0.0000000000e+00    -0.0000000000e+00     1.2871323019e-02
   23.400000    -0.0000000000e+00     0.0000000000e+00     1.0593602626e-02
   23.450000     0.0000000000e+00    -0.0000000000e+00     1.1030401023e-02
   23.500000     0.0000000000e+00    -0.0000000000e+00     1.2724006410e-02
   23.550000     0.0000000000e+00    -0.0000000000e+00     1.4285395058e-02
   23.600000     0.0000000000e+00     0.0000000000e+00     1.4857523888e-02
   23.650000     0.0000000000e+00     0.0000000000e+00     1.4871221727e-02
   23.700000     0.0000000000e+00     0.0000000000e+00     1.3589486631e-02
   23.750000     0.0000000000e+00     0.0000000000e+00     1.1615742691e-02
   23.800000     0.0000000000e+00     0.0000000000e+00     1.0800861199e-02
   23.850000     0.0000000000e+00     0.0000000000e+00     1.1318751415e-02
   23.900000    -0.0000000000e+00     0.0000000000e+00     1.2178783613e-02
   23.950000    -0.0000000000e+00     0.0000000000e+00     1.2669646349e-02
   24.000000     0.0000000000e+00     0.0000000000e+00     1.4333090702e-02
   24.050000     0.0000000000e+00     0.0000000000e+00     1.6125608831e-02
   24.100000     0.0000000000e+00     0.0000000000e+00     1.7471021534e-02
   24.150000     0.0000000000e+00     0.0000000000e+00     1.8041447525e-02
   24.200000     0.0000000000e+00     0.0000000000e+00     1.7768302859e-02
   24.250000     0.0000000000e+00     0.0000000000e+00     1.5968180448e-02
   24.300000     0.0000000000e+00     0.0000000000e+00     1.3502258054e-02
   24.350000     0.0000000000e+00     0.0000000000e+00     1.1878921665e-02
   24.400000     0.0000000000e+00     0.0000000000e+00     1.1388436699e-02
   24.450000     0.0000000000e+00     0.0000000000e+00     1.1961282496e-02
   24.500000    -0.0000000000e+00     0.0000000000e+00     1.2909515837e-02
   24.550000     0.0000000000e+00     0.0000000000e+00     1.3833293878e-02
   24.600000     0.0000000000e+00     0.0000000000e+00     1.3131311284e-02
   24.650000     0.0000000000e+00     0.0000000000e+00     1.1963458525e-02
   24.700000     0.0000000000e+00     0.0000000000e+00     1.1147054533e-02
   24.750000     0.0000000000e+00     0.0000000000e+00     1.0255661055e-02
   24.800000     0.0000000000e+00     0.0000000000e+00     8.7370265320e-03
   24.850000     0.0000000000e+00    -0.0000000000e+00     7.5109246756e-03
   24.900000     0.0000000000e+00    -0.0000000000e+00     7.4986213569e-03
   24.950000     0.0000000000e+00     0.0000000000e+00     8.3803809408e-03
   25.000000     0.0000000000e+00    -0.0000000000e+00     8.8251086827e-03
   25.050000     0.0000000000e+00    -0.0000000000e+00     8.7748786561e-03
   25.100000     0.0000000000e+00     0.0000000000e+00     9.7898367838e-03
   25.150000     0.0000000000e+00     0.0000000000e+00     1.1198568388e-02
   25.200000    -0.0000000000e+00     0.0000000000e+00     1.1843541995e-02
   25.250000    -0.0000000000e+00     0.0000000000e+00     1.0539786060e-02
   25.300000    -0.0000000000e+00     0.0000000000e+00     9.4328333346e-03
   25.350000    -0.0000000000e+00     0.0000000000e+00     9.4162802603e-03
   25.400000     0.0000000000e+00     0.0000000000e+00     9.1569289958e-03
   25.450000     0.0000000000e+00     0.0000000000e+00     7.9677898986e-03
   25.500000     0.0000000000e+00     0.0000000000e+00     7.4490295695e-03
   25.550000     0.0000000000e+00     0.0000000000e+00     7.9519066151e-03
   25.600000     0.0000000000e+00     0.0000000000e+00     8.7551109982e-03
   25.650000     0.0000000000e+00     0.0000000000e+00     1.0475020555e-02
   25.700000     0.0000000000e+00     0.0000000000e+00     1.1577173089e-02
   25.750000     0.0000000000e+00     0.0000000000e+00     1.1688690600e-02
   25.800000     0.0000000000e+00     0.0000000000e+00     1.1254318504e-02
   25.850000     0.0000000000e+00     0.0000000000e+00     1.0748430035e-02
   25.900000     0.0000000000e+00     0.0000000000e+00     9.9509165852e-03
   25.950000     0.0000000000e+00     0.0000000000e+00     9.6206173986e-03
   26.000000     0.0000000000e+00     0.0000000000e+00     9.4632880598e-03
   26.050000     0.0000000000e+00     0.0000000000e+00     9.4081217824e-03
   26.100000     0.0000000000e+00     0.0000000000e+00     9.9993290316e-03
   26.150000     0.0000000000e+00    -0.0000000000e+00     1.1943361131e-02
   26.200000     0.0000000000e+00    -0.0000000000e+00     1.6450205461e-02
   26.250000     0.0000000000e+00    -0.0000000000e+00     2.1035378037e-02
   26.300000     0.0000000000e+00     0.0000000000e+00     2.2867646822e-02
   26.350000     0.0000000000e+00     0.0000000000e+00     2.2257587220e-02
   26.400000    -0.0000000000e+00     0.0000000000e+00     2.0230859731e-02
   26.450000     0.0000000000e+00    -0.0000000000e+00     1.5064118268e-02
   26.500000     0.0000000000e+00    -0.0000000000e+00     1.0153188811e-02
   26.550000     0.0000000000e+00     0.0000000000e+00     7.8760027849e-03
   26.600000     0.0000000000e+00     0.0000000000e+00     7.3743523588e-03
   26.650000     0.0000000000e+00     0.0000000000e+00     8.5932923145e-03
   26.700000     0.0000000000e+00    -0.0000000000e+00     1.0837371244e-02
   26.750000     0.0000000000e+00    -0.0000000000e+00     1.3598670934e-02
   26.800000     0.0000000000e+00    -0.0000000000e+00     1.6912410579e-02
   26.850000     0.0000000000e+00    -0.0000000000e+00     2.0025719725e-02
   26.900000    -0.0000000000e+00     0.0000000000e+00     1.9545739348e-02
   26.950000    -0.0000000000e+00     0.0000000000e+00     1.7103564092e-02
   27.000000     0.0000000000e+00     0.0000000000e+00     1.5580300368e-02
   27.050000     0.0000000000e+00     0.0000000000e+00     1.4455963302e-02
   27.100000    -0.0000000000e+00     0.0000000000e+00     1.2385370070e-02
   27.150000    -0.0000000000e+00     0.0000000000e+00     1.1215180170e-02
   27.200000    -0.0000000000e+00     0.0000000000e+00     1.2341474064e-02
   27.250000     0.0000000000e+00     0.0000000000e+00     1.3929236295e-02
   27.300000     0.0000000000e+00     0.0000000000e+00     1.3495127868e-02
   27.350000     0.0000000000e+00     0.0000000000e+00     1.0696468561e-02
   27.400000     0.0000000000e+00     0.0000000000e+00     8.3478445161e-03
   27.450000     0.0000000000e+00     0.0000000000e+00     6.9931349529e-03
   27.500000     0.0000000000e+00     0.0000000000e+00     6.7639399397e-03
   27.550000     0.0000000000e+00    -0.0000000000e+00     7.5129858368e-03
   27.600000     0.0000000000e+00    -0.0000000000e+00     8.9544024041e-03
   27.650000     0.0000000000e+00    -0.0000000000e+00     9.6565295656e-03
   27.700000     0.0000000000e+00     0.0000000000e+00     9.4812313530e-03
   27.750000     0.0000000000e+00     0.0000000000e+00     9.0976501729e-03
   27.800000     0.0000000000e+00     0.0000000000e+00     9.2247554223e-03
   27.850000     0.0000000000e+00     0.0000000000e+00     9.0310737781e-03
   27.900000     0.0000000000e+00     0.0000000000e+00     8.3029495747e-03
   27.950000     0.0000000000e+00     0.0000000000e+00     8.8826094592e-03
   28.000000    -0.0000000000e+00     0.0000000000e+00     9.2915332527e-03
   28.050000    -0.0000000000e+00     0.0000000000e+00     9.1654423844e-03
   28.100000    -0.0000000000e+00     0.0000000000e+00     8.9360076433e-03
   28.150000    -0.0000000000e+00     0.0000000000e+00     9.1735616627e-03
   28.200000    -0.0000000000e+00     0.0000000000e+00     9.6037067123e-03
   28.250000    -0.0000000000e+00     0.0000000000e+00     1.0870927677e-02
   28.300000    -0.0000000000e+00     0.0000000000e+00     1.1940724505e-02
   28.350000     0.0000000000e+00     0.0000000000e+00     1.1544921395e-02
   28.400000     0.0000000000e+00     0.0000000000e+00     1.0993797832e-02
   28.450000     0.0000000000e+00     0.0000000000e+00     1.0612047977e-02
   28.500000     0.0000000000e+00     0.0000000000e+00     1.0006030865e-02
   28.550000     0.0000000000e+00    -0.0000000000e+00     9.5896723020e-03
   28.600000     0.0000000000e+00     0.0000000000e+00     9.8623542062e-03
   28.650000     0.0000000000e+00     0.0000000000e+00     9.3446263182e-03
   28.700000     0.0000000000e+00     0.0000000000e+00     9.1868189706e-03
   28.750000     0.0000000000e+00     0.0000000000e+00     9.9417844422e-03
   28.800000     0.0000000000e+00     0.0000000000e+00     1.1287030667e-02
   28.850000     0.0000000000e+00     0.0000000000e+00     1.2045298385e-02
   28.900000     0.0000000000e+00    -0.0000000000e+00     1.1962810873e-02
   28.950000     0.0000000000e+00     0.0000000000e+00     1.1554337564e-02
   29.000000     0.0000000000e+00     0.0000000000e+00     1.0557879714e-02
   29.050000     0.0000000000e+00     0.0000000000e+00     9.2242232136e-03
   29.100000     0.0000000000e+00     0.0000000000e+00     7.5924360550e-03
   29.150000     0.0000000000e+00     0.0000000000e+00     6.8044680882e-03
   29.200000     0.0000000000e+00     0.0000000000e+00     7.3105810707e-03
   29.250000     0.0000000000e+00     0.0000000000e+00     9.3509332654e-03
   29.300000     0.0000000000e+00     0.0000000000e+00     1.0520496580e-02
   29.350000     0.0000000000e+00     0.0000000000e+00     1.0062979726e-02
   29.400000    -0.0000000000e+00     0.0000000000e+00     9.2862730728e-03
   29.450000    -0.0000000000e+00    -0.0000000000e+00     9.2706772746e-03
   29.500000     0.0000000000e+00    -0.0000000000e+00     1.0305247581e-02
   29.550000     0.0000000000e+00    -0.0000000000e+00     1.1826287014e-02
   29.600000    -0.0000000000e+00    -0.0000000000e+00     1.3013446169e-02
   29.650000    -0.0000000000e+00     0.0000000000e+00     1.3006009831e-02
   29.700000    -0.0000000000e+00     0.0000000000e+00     1.1903771572e-02
   29.750000     0.0000000000e+00     0.0000000000e+00     9.7589436727e-03
   29.800000    -0.0000000000e+00     0.0000000000e+00     8.0361498524e-03
   29.850000    -0.0000000000e+00     0.0000000000e+00     7.0881431937e-03
   29.900000     0.0000000000e+00     0.0000000000e+00     7.7798294767e-03
   29.950000     0.0000000000e+00     0.0000000000e+00     9.2199676590e-03
   30.000000     0.0000000000e+00     0.0000000000e+00     1.0419889282e-02
