# Photoabsorption spectrum from linear response TD-DFT
# GPAW version: 19.8.1
# Gauss folded, width=0.06 [eV]
# length form# om [eV]     osz          osz x       osz y       osz z
   1.01132 4.6506712e-05 7.4365019e-06 6.1198948e-05 7.0884685e-05
   1.02632 1.2388964e-04 1.9597548e-05 1.6398292e-04 1.8808846e-04
   1.04132 3.1009431e-04 4.8517061e-05 4.1285038e-04 4.6891549e-04
   1.05632 7.2927732e-04 1.1283583e-04 9.7662072e-04 1.0983754e-03
   1.07132 1.6115077e-03 2.4652416e-04 2.1706911e-03 2.4173077e-03
   1.08632 3.3459038e-03 5.0597836e-04 4.5332399e-03 4.9984931e-03
   1.10132 6.5273456e-03 9.7558367e-04 8.8952404e-03 9.7112127e-03
   1.11632 1.1964720e-02 1.7670847e-03 1.6400034e-02 1.7727041e-02
   1.13132 2.0606867e-02 3.0068426e-03 2.8409898e-02 3.0403861e-02
   1.14632 3.3347683e-02 4.8064532e-03 4.6241542e-02 4.8995055e-02
   1.16132 5.0706594e-02 7.2177171e-03 7.0718420e-02 7.4183645e-02
   1.17632 7.2445129e-02 1.0182086e-02 1.0161794e-01 1.0553536e-01
   1.19132 9.7252536e-02 1.3493868e-02 1.3719741e-01 1.4106633e-01
   1.20632 1.2267070e-01 1.6799676e-02 1.7404411e-01 1.7716831e-01
   1.22132 1.4538859e-01 1.9648683e-02 2.0744891e-01 2.0906818e-01
   1.23632 1.6190906e-01 2.1589381e-02 2.3232827e-01 2.3180954e-01
   1.25132 1.6942041e-01 2.2286007e-02 2.4447434e-01 2.4150089e-01
   1.26632 1.6657791e-01 2.1613746e-02 2.4171672e-01 2.3640326e-01
   1.28132 1.5389735e-01 1.9695678e-02 2.2455633e-01 2.1744005e-01
   1.29632 1.3360261e-01 1.6866463e-02 1.9601716e-01 1.8792420e-01
   1.31132 1.0898886e-01 1.3577454e-02 1.6077609e-01 1.5261302e-01
   1.32632 8.3552069e-02 1.0280175e-02 1.2391477e-01 1.1646126e-01
   1.34132 6.0199343e-02 7.3293449e-03 8.9749545e-02 8.3519138e-02
   1.35632 4.0777168e-02 4.9328723e-03 6.1099510e-02 5.6299121e-02
   1.37132 2.5992550e-02 3.1539113e-03 3.9123228e-02 3.5700511e-02
   1.38632 1.5647237e-02 1.9512349e-03 2.3624976e-02 2.1365500e-02
   1.40132 9.0247969e-03 1.2361580e-03 1.3603091e-02 1.2235142e-02
   1.41632 5.2771052e-03 9.2703536e-04 7.8130630e-03 7.0912171e-03
   1.43132 3.7178892e-03 9.9043492e-04 5.2027400e-03 4.9604928e-03
   1.44632 3.9982433e-03 1.4650962e-03 5.1768514e-03 5.3527822e-03
   1.46132 6.1782458e-03 2.4672045e-03 7.7104812e-03 8.3570516e-03
   1.47632 1.0711979e-02 4.1740441e-03 1.3340822e-02 1.4621070e-02
   1.49132 1.8344850e-02 6.7816895e-03 2.3041446e-02 2.5211414e-02
   1.50632 2.9907702e-02 1.0435787e-02 3.7958923e-02 4.1328397e-02
   1.52132 4.6005172e-02 1.5145048e-02 5.9002360e-02 6.3868110e-02
   1.53632 6.6644971e-02 2.0702232e-02 8.6338435e-02 9.2894246e-02
   1.55132 9.0925076e-02 2.6649125e-02 1.1894140e-01 1.2718470e-01
   1.56632 1.1694839e-01 3.2320342e-02 1.5442838e-01 1.6409644e-01
   1.58132 1.4212191e-01 3.6979855e-02 1.8940792e-01 1.9997796e-01
   1.59632 1.6389307e-01 4.0028486e-02 2.2043975e-01 2.3121096e-01
   1.61132 1.8079809e-01 4.1224811e-02 2.4546219e-01 2.5570725e-01
   1.62632 1.9351402e-01 4.0844221e-02 2.6527820e-01 2.7441965e-01
   1.64132 2.0550306e-01 3.9711644e-02 2.8452454e-01 2.9227299e-01
   1.65632 2.2287827e-01 3.9079155e-02 3.1157937e-01 3.1797629e-01
   1.67132 2.5331002e-01 4.0365241e-02 3.5711422e-01 3.6245061e-01
   1.68632 3.0408299e-01 4.4811508e-02 4.3140727e-01 4.3603019e-01
   1.70132 3.7972325e-01 5.3135926e-02 5.4098791e-01 5.4504593e-01
   1.71632 4.7984878e-01 6.5268129e-02 6.8553618e-01 6.8874202e-01
   1.73132 5.9796463e-01 8.0242460e-02 8.5607687e-01 8.5757457e-01
   1.74632 7.2176039e-01 9.6296399e-02 1.0352881e+00 1.0336967e+00
   1.76132 8.3506902e-01 1.1117451e-01 1.2001842e+00 1.1938483e+00
   1.77632 9.2111411e-01 1.2257860e-01 1.3266772e+00 1.3140865e+00
   1.79132 9.6619819e-01 1.2865335e-01 1.3948355e+00 1.3751057e+00
   1.80632 9.6277675e-01 1.2837735e-01 1.3933474e+00 1.3666054e+00
   1.82132 9.1103015e-01 1.2175523e-01 1.3219041e+00 1.2894311e+00
   1.83632 8.1853317e-01 1.0977115e-01 1.1908847e+00 1.1549437e+00
   1.85132 6.9823175e-01 9.4143575e-02 1.0185813e+00 9.8197034e-01
   1.86632 5.6543211e-01 7.6989699e-02 8.2691753e-01 7.9238910e-01
   1.88132 4.3472501e-01 6.0551355e-02 6.3694366e-01 6.0668002e-01
   1.89632 3.1767233e-01 4.7150553e-02 4.6528526e-01 4.4058118e-01
   1.91132 2.2175797e-01 3.9537721e-02 3.2225871e-01 3.0347749e-01
   1.92632 1.5069289e-01 4.1761930e-02 2.1177409e-01 1.9854265e-01
   1.94132 1.0579907e-01 6.0597849e-02 1.3262736e-01 1.2417201e-01
   1.95632 8.7954797e-02 1.0735398e-01 8.0499494e-02 7.6010920e-02
   1.97132 9.9465448e-02 1.9952034e-01 4.9966607e-02 4.8909401e-02
   1.98632 1.4519786e-01 3.6124156e-01 3.6015293e-02 3.8336719e-02
   2.00132 2.3237436e-01 6.2124533e-01 3.4829093e-02 4.1048647e-02
   2.01632 3.6863125e-01 1.0070095e+00 4.3857421e-02 5.5026874e-02
   2.03132 5.5840609e-01 1.5350007e+00 6.1346982e-02 7.8870576e-02
   2.04632 7.9844384e-01 2.1987970e+00 8.5609460e-02 1.1092502e-01
   2.06132 1.0739949e+00 2.9591588e+00 1.1433478e-01 1.4849098e-01
   2.07632 1.3576743e+00 3.7413355e+00 1.4423549e-01 1.8745197e-01
   2.09132 1.6124996e+00 4.4437471e+00 1.7120597e-01 2.2254564e-01
   2.10632 1.7991911e+00 4.9582933e+00 1.9099792e-01 2.4828224e-01
   2.12132 1.8858958e+00 5.1972512e+00 2.0019811e-01 2.6023816e-01
   2.13632 1.8570247e+00 5.1176822e+00 1.9713979e-01 2.5625208e-01
   2.15132 1.7178169e+00 4.7340300e+00 1.8237581e-01 2.3704495e-01
   2.16632 1.4927838e+00 4.1138374e+00 1.5851092e-01 2.0600317e-01
   2.18132 1.2186639e+00 3.3583221e+00 1.2945868e-01 1.6821083e-01
   2.19632 9.3467267e-01 2.5754788e+00 9.9421281e-02 1.2911793e-01
   2.21132 6.7360093e-01 1.8554824e+00 7.1977623e-02 9.3342770e-02
   2.22632 4.5646417e-01 1.2558177e+00 4.9580134e-02 6.3994715e-02
   2.24132 2.9158626e-01 7.9853183e-01 3.3571363e-02 4.2655585e-02
   2.25632 1.7722947e-01 4.7713907e-01 2.4639234e-02 2.9910118e-02
   2.27132 1.0593341e-01 2.6812798e-01 2.3507708e-02 2.6164535e-02
   2.28632 6.8752029e-02 1.4218760e-01 3.1616214e-02 3.2452275e-02
   2.30132 5.8234666e-02 7.2209325e-02 5.1542903e-02 5.0951769e-02
   2.31632 6.9780702e-02 3.7406179e-02 8.6947071e-02 8.4988857e-02
   2.33132 1.0157822e-01 2.4500555e-02 1.4186317e-01 1.3837093e-01
   2.34632 1.5365090e-01 2.7574797e-02 2.1932698e-01 2.1405093e-01
   2.36132 2.2668374e-01 4.8081145e-02 3.1958676e-01 3.1238330e-01
   2.37632 3.2135163e-01 9.6009702e-02 4.3848816e-01 4.2955702e-01
   2.39132 4.3877843e-01 1.9248881e-01 5.6684392e-01 5.5700254e-01
   2.40632 5.8235253e-01 3.7312298e-01 6.9148513e-01 6.8244947e-01
   2.42132 7.6034424e-01 6.9014996e-01 7.9813164e-01 7.9275111e-01
   2.43632 9.8780877e-01 1.2103176e+00 8.7536809e-01 8.7774057e-01
   2.45132 1.2856545e+00 2.0050117e+00 9.1828857e-01 9.3366310e-01
   2.46632 1.6751788e+00 3.1306394e+00 9.3026288e-01 9.6463412e-01
   2.48132 2.1681788e+00 4.6011793e+00 9.2201235e-01 9.8134476e-01
   2.49632 2.7555020e+00 6.3603603e+00 9.0851759e-01 9.9762818e-01
   2.51132 3.3993027e+00 8.2655563e+00 9.0554173e-01 1.0268101e+00
   2.52632 4.0346102e+00 1.0095661e+01 9.2797913e-01 1.0801908e+00
   2.54132 4.5830655e+00 1.1588674e+01 9.9142146e-01 1.1691013e+00
   2.55632 4.9764192e+00 1.2502781e+01 1.1164900e+00 1.3099867e+00
   2.57132 5.1819603e+00 1.2682658e+01 1.3334339e+00 1.5297896e+00
   2.58632 5.2195071e+00 1.2107469e+01 1.6833246e+00 1.8677279e+00
   2.60132 5.1618974e+00 1.0902629e+01 2.2127743e+00 2.3702888e+00
   2.61632 5.1175038e+00 9.3118221e+00 2.9616669e+00 3.0790225e+00
   2.63132 5.2011341e+00 7.6416281e+00 3.9471776e+00 4.0145966e+00
   2.64632 5.5047881e+00 6.1998855e+00 5.1506976e+00 5.1637813e+00
   2.66132 6.0794398e+00 5.2465188e+00 6.5151711e+00 6.4766295e+00
   2.67632 6.9333716e+00 4.9647186e+00 7.9574243e+00 7.8779718e+00
   2.69132 8.0444302e+00 5.4485334e+00 9.3936581e+00 9.2910991e+00
   2.70632 9.3769876e+00 6.6973955e+00 1.0768875e+01 1.0664692e+01
   2.72132 1.0892672e+01 8.6114092e+00 1.2076408e+01 1.1990198e+01
   2.73632 1.2547950e+01 1.0989903e+01 1.3355249e+01 1.3298699e+01
   2.75132 1.4279444e+01 1.3542838e+01 1.4661268e+01 1.4634227e+01
   2.76632 1.5985625e+01 1.5924299e+01 1.6020896e+01 1.6011679e+01
   2.78132 1.7517462e+01 1.7788552e+01 1.7386752e+01 1.7377083e+01
   2.79632 1.8688548e+01 1.8856841e+01 1.8618041e+01 1.8590760e+01
   2.81132 1.9307644e+01 1.8974741e+01 1.9501028e+01 1.9447163e+01
   2.82632 1.9226547e+01 1.8140873e+01 1.9808375e+01 1.9730391e+01
   2.84132 1.8387727e+01 1.6498002e+01 1.9377627e+01 1.9287554e+01
   2.85632 1.6853584e+01 1.4291402e+01 1.8177839e+01 1.8091509e+01
   2.87132 1.4803998e+01 1.1809907e+01 1.6335846e+01 1.6266242e+01
   2.88632 1.2499966e+01 9.3279475e+00 1.4109590e+01 1.4062359e+01
   2.90132 1.0223685e+01 7.0626091e+00 1.1817847e+01 1.1790600e+01
   2.91632 8.2142891e+00 5.1519282e+00 9.7529644e+00 9.7379748e+00
   2.93132 6.6194175e+00 3.6534277e+00 8.1081846e+00 8.0966401e+00
   2.94632 5.4761682e+00 2.5574998e+00 6.9426524e+00 6.9283525e+00
   2.96132 4.7238775e+00 1.8087838e+00 6.1908683e+00 6.1719803e+00
   2.97632 4.2405652e+00 1.3292128e+00 5.7069166e+00 5.6855661e+00
   2.99132 3.8885629e+00 1.0379049e+00 5.3236860e+00 5.3040979e+00
   3.00632 3.5543424e+00 8.6497835e-01 4.9058768e+00 4.8921721e+00
   3.02132 3.1720693e+00 7.5836288e-01 4.3816315e+00 4.3762135e+00
   3.03632 2.7275389e+00 6.8446944e-01 3.7475853e+00 3.7505620e+00
   3.05132 2.2460596e+00 6.2481264e-01 3.0519005e+00 3.0614655e+00
   3.06632 1.7721662e+00 5.7107421e-01 2.3660337e+00 2.3793908e+00
   3.08132 1.3496991e+00 5.2062934e-01 1.7570624e+00 1.7714055e+00
   3.09632 1.0082769e+00 4.7354382e-01 1.2690458e+00 1.2822411e+00
   3.11132 7.5824549e-01 4.3100644e-01 9.1644094e-01 9.2728910e-01
   3.12632 5.9272194e-01 3.9455224e-01 6.8773177e-01 6.9588180e-01
   3.14132 4.9359661e-01 3.6542656e-01 5.5484211e-01 5.6052117e-01
   3.15632 4.3837672e-01 3.4385761e-01 4.8377696e-01 4.8749559e-01
   3.17132 4.0581984e-01 3.2846340e-01 4.4333320e-01 4.4566293e-01
   3.18632 3.7952706e-01 3.1619302e-01 4.1046723e-01 4.1192093e-01
   3.20132 3.4951220e-01 3.0300801e-01 3.7226280e-01 3.7326581e-01
   3.21632 3.1216722e-01 2.8511552e-01 3.2523011e-01 3.2615604e-01
   3.23132 2.6917638e-01 2.6024884e-01 2.7301690e-01 2.7426340e-01
   3.24632 2.2594924e-01 2.2844991e-01 2.2365783e-01 2.2573997e-01
   3.26132 1.9007465e-01 1.9205217e-01 1.8727007e-01 1.9090170e-01
   3.27632 1.7010743e-01 1.5493144e-01 1.7463709e-01 1.8075376e-01
   3.29132 1.7469464e-01 1.2137825e-01 1.9652189e-01 2.0618378e-01
   3.30632 2.1174101e-01 9.5018749e-02 2.6304247e-01 2.7716182e-01
   3.32132 2.8718374e-01 7.8083541e-02 3.8229053e-01 4.0117715e-01
   3.33632 4.0313883e-01 7.1113718e-02 5.5774406e-01 5.8055870e-01
   3.35132 5.5568540e-01 7.3031413e-02 7.8485284e-01 8.0917196e-01
   3.36632 7.3315097e-01 8.1452851e-02 1.0481192e+00 1.0698808e+00
   3.38132 9.1607588e-01 9.3156771e-02 1.3205136e+00 1.3345572e+00
   3.39632 1.0797383e+00 1.0466480e-01 1.5666716e+00 1.5678785e+00
   3.41132 1.1991670e+00 1.1288550e-01 1.7499327e+00 1.7346829e+00
   3.42632 1.2553363e+00 1.1572396e-01 1.8414274e+00 1.8088574e+00
   3.44132 1.2403870e+00 1.1251740e-01 1.8280549e+00 1.7805887e+00
   3.45632 1.1598243e+00 1.0417943e-01 1.7162084e+00 1.6590850e+00
   3.47132 1.0307762e+00 9.3027855e-02 1.5296816e+00 1.4696190e+00
   3.48632 8.7703406e-01 8.2382886e-02 1.3026090e+00 1.2461103e+00
   3.50132 7.2287727e-01 7.6083146e-02 1.0703140e+00 1.0222346e+00
   3.51632 5.8796170e-01 7.8035179e-02 8.6151493e-01 8.2433498e-01
   3.53132 4.8476038e-01 9.1814910e-02 6.9429334e-01 6.6817289e-01
   3.54632 4.1869807e-01 1.2024970e-01 5.7623908e-01 5.5960542e-01
   3.56132 3.8996964e-01 1.6490078e-01 5.0736695e-01 4.9764119e-01
   3.57632 3.9560147e-01 2.2545778e-01 4.8359419e-01 4.7775246e-01
   3.59132 4.3067934e-01 2.9919944e-01 4.9897684e-01 4.9386174e-01
   3.60632 4.8849086e-01 3.8077575e-01 5.4609707e-01 5.3859976e-01
   3.62132 5.6011962e-01 4.6254958e-01 6.1525133e-01 6.0255795e-01
   3.63632 6.3439065e-01 5.3558601e-01 6.9378587e-01 6.7380007e-01
   3.65132 6.9887195e-01 5.9115338e-01 7.6679071e-01 7.3867176e-01
   3.66632 7.4202846e-01 6.2239715e-01 8.1954159e-01 7.8414664e-01
   3.68132 7.5593001e-01 6.2575042e-01 8.4102789e-01 8.0101171e-01
   3.69632 7.3848652e-01 6.0169085e-01 8.2716832e-01 7.8660038e-01
   3.71132 6.9424063e-01 5.5462759e-01 7.8227070e-01 7.4582360e-01
   3.72632 6.3327272e-01 4.9195130e-01 7.1796100e-01 6.8990586e-01
   3.74132 5.6851599e-01 4.2252795e-01 6.4984805e-01 6.3317199e-01
   3.75632 5.1238781e-01 3.5507894e-01 5.9308796e-01 5.8899653e-01
   3.77132 4.7384390e-01 2.9689854e-01 5.5835674e-01 5.6627642e-01
   3.78632 4.5670126e-01 2.5320170e-01 5.4943866e-01 5.6746343e-01
   3.80132 4.5952785e-01 2.2713411e-01 5.6292702e-01 5.8852242e-01
   3.81632 4.7684716e-01 2.2023692e-01 5.8979168e-01 6.2051287e-01
   3.83132 5.0108893e-01 2.3307683e-01 6.1809460e-01 6.5209537e-01
   3.84632 5.2470523e-01 2.6589568e-01 6.3601208e-01 6.7220792e-01
   3.86132 5.4208007e-01 3.1945807e-01 6.3445247e-01 6.7232968e-01
   3.87632 5.5112301e-01 3.9660095e-01 6.0878568e-01 6.4798242e-01
   3.89132 5.5459756e-01 5.0504841e-01 5.5943569e-01 5.9930859e-01
   3.90632 5.6120411e-01 6.6158396e-01 4.9131995e-01 5.3070842e-01
   3.92132 5.8620136e-01 8.9657751e-01 4.1236169e-01 4.4966486e-01
   3.93632 6.5099160e-01 1.2564109e+00 3.3151628e-01 3.6504761e-01
   3.95132 7.8081126e-01 1.8002645e+00 2.5685626e-01 2.8531300e-01
   3.96632 9.9976245e-01 2.5880731e+00 1.9418696e-01 2.1702731e-01
   3.98132 1.3231777e+00 3.6590828e+00 1.4643767e-01 1.6401251e-01
   3.99632 1.7487355e+00 5.0051990e+00 1.1380307e-01 1.2720448e-01
   4.01132 2.2493463e+00 6.5484785e+00 9.4428431e-02 1.0513185e-01
   4.02632 2.7716420e+00 8.1346642e+00 8.5410180e-02 9.4851516e-02
   4.04132 3.2429957e+00 9.5517594e+00 8.4001038e-02 9.3226656e-02
   4.05632 3.5871522e+00 1.0573814e+01 8.9084573e-02 9.8557743e-02
   4.07132 3.7447898e+00 1.1018540e+01 1.0312794e-01 1.1270125e-01
   4.08632 3.6925499e+00 1.0798946e+01 1.3485118e-01 1.4385238e-01
   4.10132 3.4539564e+00 9.9491836e+00 2.0266817e-01 2.1001741e-01
   4.11632 3.0984929e+00 8.6143188e+00 3.3843676e-01 3.4272325e-01
   4.13132 2.7293865e+00 7.0083807e+00 5.9014365e-01 5.8963501e-01
   4.14632 2.4640313e+00 5.3573904e+00 1.0210413e+00 1.0136623e+00
   4.16132 2.4118721e+00 3.8480700e+00 1.7020867e+00 1.6854596e+00
   4.17632 2.6532715e+00 2.5975541e+00 2.6953022e+00 2.6669582e+00
   4.19132 3.2212930e+00 1.6486439e+00 4.0287046e+00 3.9865304e+00
   4.20632 4.0882665e+00 9.8500117e-01 5.6684609e+00 5.6113374e+00
   4.22132 5.1606129e+00 5.5551073e-01 7.4989327e+00 7.4273953e+00
   4.23632 6.2867279e+00 2.9762288e-01 9.3229512e+00 9.2396096e+00
   4.25132 7.2811798e+00 1.5364767e-01 1.0890208e+01 1.0799684e+01
   4.26632 7.9630821e+00 7.8677964e-02 1.1951139e+01 1.1859429e+01
   4.28132 8.1993186e+00 4.1967776e-02 1.2321303e+01 1.2234685e+01
   4.29632 7.9385564e+00 2.4657939e-02 1.1933595e+01 1.1857416e+01
   4.31132 7.2233549e+00 1.6316425e-02 1.0858014e+01 1.0795734e+01
   4.32632 6.1754861e+00 1.1760281e-02 9.2809565e+00 9.2337415e+00
   4.34132 4.9601673e+00 8.7204809e-03 7.4524282e+00 7.4193533e+00
   4.35632 3.7428019e+00 6.3622565e-03 5.6216704e+00 5.6003730e+00
   4.37132 2.6531712e+00 4.4544979e-03 3.9837808e+00 3.9712783e+00
   4.38632 1.7668459e+00 2.9581332e-03 2.6520888e+00 2.6454907e+00
   4.40132 1.1053413e+00 1.8549800e-03 1.6586083e+00 1.6555606e+00
   4.41632 6.4962151e-01 1.0993589e-03 9.7446170e-01 9.7330349e-01
   4.43132 3.5867383e-01 6.2212552e-04 5.3784646e-01 5.3755291e-01
   4.44632 1.8605783e-01 3.4897895e-04 2.7890205e-01 2.7892247e-01
   4.46132 9.0704459e-02 2.1557226e-04 1.3590786e-01 1.3598995e-01
   4.47632 4.1599914e-02 1.7425781e-04 6.2287466e-02 6.2338019e-02
   4.49132 1.8016713e-02 1.9351616e-04 2.6930413e-02 2.6926209e-02
   4.50632 7.4679805e-03 2.5324982e-04 1.1104718e-02 1.1045974e-02
   4.52132 3.0977229e-03 3.3904343e-04 4.5313453e-03 4.4227798e-03
   4.53632 1.4481723e-03 4.3758835e-04 2.0303217e-03 1.8766068e-03
   4.55132 9.0612175e-04 5.3445551e-04 1.1885501e-03 9.9535963e-04
   4.56632 7.6961277e-04 6.1445972e-04 9.5923719e-04 7.3514140e-04
   4.58132 7.5117689e-04 6.6400866e-04 9.1617743e-04 6.7334457e-04
   4.59632 7.4033116e-04 6.7418187e-04 8.9678594e-04 6.5002569e-04
   4.61132 7.0033065e-04 6.4306550e-04 8.4667869e-04 6.1124777e-04
   4.62632 6.2611329e-04 5.7622879e-04 7.5654431e-04 5.4556677e-04
   4.64132 5.2671966e-04 4.8505687e-04 6.3635121e-04 4.5875090e-04
   4.65632 4.1644729e-04 3.8357239e-04 5.0310644e-04 3.6266305e-04
   4.67132 3.0935072e-04 2.8494347e-04 3.7371987e-04 2.6938883e-04
   4.68632 2.1588059e-04 1.9885051e-04 2.6079985e-04 1.8799140e-04
   4.70132 1.4152614e-04 1.3036209e-04 1.7097400e-04 1.2324234e-04
   4.71632 8.7160047e-05 8.0284649e-05 1.0529573e-04 7.5899765e-05
   4.73132 5.0426072e-05 4.6448352e-05 6.0918389e-05 4.3911475e-05
   4.74632 2.7406243e-05 2.5244379e-05 3.3108748e-05 2.3865601e-05
   4.76132 1.3992666e-05 1.2888895e-05 1.6904165e-05 1.2184938e-05
   4.77632 6.7113216e-06 6.1819184e-06 8.1077679e-06 5.8442786e-06
   4.79132 3.0239334e-06 2.7853992e-06 3.6531330e-06 2.6332682e-06
   4.80632 1.2799500e-06 1.1789848e-06 1.5462733e-06 1.1145918e-06
   4.82132 5.0894442e-07 4.6879781e-07 6.1484213e-07 4.4319333e-07
   4.83632 1.9010972e-07 1.7511346e-07 2.2966646e-07 1.6554924e-07
