# Photoabsorption spectrum from real-time propagation
# GPAW version: 19.8.1
# Total time = 44.9700 fs, Time steps = [30.0000] as
# Kick = [1e-05, 0, 0]
# Gaussian folding, Width = 0.0600 eV = 0.002205 Hartree <=> FWHM = 0.141289 eV
#    om (eV)                  S_x                  S_y                  S_z
    0.000000     0.0000000000e+00     0.0000000000e+00     0.0000000000e+00
    0.050000     1.6349036804e-02    -0.0000000000e+00    -0.0000000000e+00
    0.100000     3.5641644765e-02    -0.0000000000e+00    -0.0000000000e+00
    0.150000     3.7160081336e-02    -0.0000000000e+00    -0.0000000000e+00
    0.200000     3.3750775617e-02    -0.0000000000e+00    -0.0000000000e+00
    0.250000     3.1971544792e-02    -0.0000000000e+00    -0.0000000000e+00
    0.300000     3.1227496897e-02    -0.0000000000e+00    -0.0000000000e+00
    0.350000     3.0892454992e-02    -0.0000000000e+00    -0.0000000000e+00
    0.400000     3.0811428874e-02    -0.0000000000e+00    -0.0000000000e+00
    0.450000     3.0893877212e-02    -0.0000000000e+00    -0.0000000000e+00
    0.500000     3.1067387673e-02    -0.0000000000e+00    -0.0000000000e+00
    0.550000     3.1314082528e-02    -0.0000000000e+00    -0.0000000000e+00
    0.600000     3.1564827970e-02    -0.0000000000e+00    -0.0000000000e+00
    0.650000     3.1830243351e-02    -0.0000000000e+00    -0.0000000000e+00
    0.700000     3.2035291096e-02    -0.0000000000e+00    -0.0000000000e+00
    0.750000     3.2167299792e-02    -0.0000000000e+00    -0.0000000000e+00
    0.800000     3.2258989596e-02    -0.0000000000e+00    -0.0000000000e+00
    0.850000     3.2433108558e-02    -0.0000000000e+00    -0.0000000000e+00
    0.900000     3.2603573966e-02    -0.0000000000e+00    -0.0000000000e+00
    0.950000     3.2915008965e-02    -0.0000000000e+00    -0.0000000000e+00
    1.000000     3.3694938984e-02    -0.0000000000e+00    -0.0000000000e+00
    1.050000     3.4648001624e-02    -0.0000000000e+00    -0.0000000000e+00
    1.100000     3.5835418309e-02    -0.0000000000e+00    -0.0000000000e+00
    1.150000     3.9726340821e-02     0.0000000000e+00    -0.0000000000e+00
    1.200000     4.8598941126e-02     0.0000000000e+00     0.0000000000e+00
    1.250000     5.3826553593e-02     0.0000000000e+00     0.0000000000e+00
    1.300000     4.9473359488e-02     0.0000000000e+00    -0.0000000000e+00
    1.350000     4.4342223897e-02    -0.0000000000e+00    -0.0000000000e+00
    1.400000     4.6306339511e-02    -0.0000000000e+00    -0.0000000000e+00
    1.450000     6.1305366377e-02    -0.0000000000e+00    -0.0000000000e+00
    1.500000     9.4498188243e-02    -0.0000000000e+00    -0.0000000000e+00
    1.550000     1.1910533751e-01    -0.0000000000e+00    -0.0000000000e+00
    1.600000     1.0517797982e-01     0.0000000000e+00    -0.0000000000e+00
    1.650000     8.9717993888e-02     0.0000000000e+00     0.0000000000e+00
    1.700000     1.1598054683e-01     0.0000000000e+00     0.0000000000e+00
    1.750000     1.5578518389e-01     0.0000000000e+00     0.0000000000e+00
    1.800000     1.5242524751e-01     0.0000000000e+00     0.0000000000e+00
    1.850000     1.1379756648e-01     0.0000000000e+00     0.0000000000e+00
    1.900000     1.0281917287e-01     0.0000000000e+00     0.0000000000e+00
    1.950000     3.0679470141e-01    -0.0000000000e+00    -0.0000000000e+00
    2.000000     1.2738878934e+00    -0.0000000000e+00    -0.0000000000e+00
    2.050000     3.1229066569e+00    -0.0000000000e+00    -0.0000000000e+00
    2.100000     3.9344126713e+00    -0.0000000000e+00    -0.0000000000e+00
    2.150000     2.5139135393e+00     0.0000000000e+00     0.0000000000e+00
    2.200000     8.5316865971e-01     0.0000000000e+00     0.0000000000e+00
    2.250000     2.2303310198e-01    -0.0000000000e+00    -0.0000000000e+00
    2.300000     1.7873567971e-01    -0.0000000000e+00    -0.0000000000e+00
    2.350000     6.9384410680e-01    -0.0000000000e+00    -0.0000000000e+00
    2.400000     3.8443133824e+00    -0.0000000000e+00    -0.0000000000e+00
    2.450000     1.2972087144e+01    -0.0000000000e+00    -0.0000000000e+00
    2.500000     2.2774577138e+01     0.0000000000e+00     0.0000000000e+00
    2.550000     2.1393077519e+01     0.0000000000e+00     0.0000000000e+00
    2.600000     1.5191536215e+01     0.0000000000e+00     0.0000000000e+00
    2.650000     1.5274773300e+01     0.0000000000e+00     0.0000000000e+00
    2.700000     1.4208417026e+01     0.0000000000e+00     0.0000000000e+00
    2.750000     7.7656767884e+00     0.0000000000e+00     0.0000000000e+00
    2.800000     2.4899879715e+00     0.0000000000e+00     0.0000000000e+00
    2.850000     5.2151685325e-01     0.0000000000e+00     0.0000000000e+00
    2.900000     8.1511944702e-02     0.0000000000e+00     0.0000000000e+00
    2.950000     4.7478030025e-02     0.0000000000e+00     0.0000000000e+00
    3.000000     7.3673948168e-02     0.0000000000e+00     0.0000000000e+00
    3.050000     1.0749150348e-01     0.0000000000e+00     0.0000000000e+00
    3.100000     1.4913165242e-01     0.0000000000e+00     0.0000000000e+00
    3.150000     1.7897698442e-01     0.0000000000e+00     0.0000000000e+00
    3.200000     1.6646039203e-01     0.0000000000e+00     0.0000000000e+00
    3.250000     8.9398068706e-02     0.0000000000e+00     0.0000000000e+00
    3.300000     2.7630972304e-02     0.0000000000e+00     0.0000000000e+00
    3.350000     3.9676974717e-02     0.0000000000e+00     0.0000000000e+00
    3.400000     8.6182855306e-02     0.0000000000e+00     0.0000000000e+00
    3.450000     1.7402189605e-01     0.0000000000e+00     0.0000000000e+00
    3.500000     4.9772340131e-01     0.0000000000e+00     0.0000000000e+00
    3.550000     1.1549980051e+00     0.0000000000e+00     0.0000000000e+00
    3.600000     1.5188236923e+00     0.0000000000e+00     0.0000000000e+00
    3.650000     1.1279894219e+00     0.0000000000e+00     0.0000000000e+00
    3.700000     7.3770850681e-01     0.0000000000e+00     0.0000000000e+00
    3.750000     1.2765182865e+00    -0.0000000000e+00     0.0000000000e+00
    3.800000     2.4883246736e+00    -0.0000000000e+00    -0.0000000000e+00
    3.850000     2.7127445080e+00    -0.0000000000e+00    -0.0000000000e+00
    3.900000     1.5421039116e+00     0.0000000000e+00     0.0000000000e+00
    3.950000     5.5971452225e-01     0.0000000000e+00     0.0000000000e+00
    4.000000     3.6324787332e-01     0.0000000000e+00     0.0000000000e+00
    4.050000     3.7147527442e-01     0.0000000000e+00     0.0000000000e+00
    4.100000     2.9364419414e-01     0.0000000000e+00     0.0000000000e+00
    4.150000     3.1434075827e-01     0.0000000000e+00     0.0000000000e+00
    4.200000     5.2415070581e-01    -0.0000000000e+00    -0.0000000000e+00
    4.250000     6.0097436487e-01    -0.0000000000e+00    -0.0000000000e+00
    4.300000     3.8646109066e-01     0.0000000000e+00     0.0000000000e+00
    4.350000     2.0501017472e-01     0.0000000000e+00     0.0000000000e+00
    4.400000     2.1842318414e-01    -0.0000000000e+00    -0.0000000000e+00
    4.450000     2.6485530567e-01     0.0000000000e+00     0.0000000000e+00
    4.500000     2.2449964455e-01     0.0000000000e+00     0.0000000000e+00
    4.550000     1.6396485758e-01     0.0000000000e+00     0.0000000000e+00
    4.600000     1.4394945152e-01     0.0000000000e+00     0.0000000000e+00
    4.650000     2.3858492000e-01     0.0000000000e+00     0.0000000000e+00
    4.700000     4.7347510507e-01     0.0000000000e+00     0.0000000000e+00
    4.750000     6.6538472203e-01     0.0000000000e+00     0.0000000000e+00
    4.800000     5.9798079653e-01     0.0000000000e+00     0.0000000000e+00
    4.850000     3.6807872389e-01     0.0000000000e+00     0.0000000000e+00
    4.900000     2.5776113111e-01     0.0000000000e+00     0.0000000000e+00
    4.950000     3.6215984557e-01     0.0000000000e+00     0.0000000000e+00
    5.000000     5.4573676474e-01    -0.0000000000e+00    -0.0000000000e+00
    5.050000     5.7245745692e-01    -0.0000000000e+00    -0.0000000000e+00
    5.100000     3.4524449990e-01     0.0000000000e+00     0.0000000000e+00
    5.150000     9.3011067419e-02     0.0000000000e+00     0.0000000000e+00
    5.200000     3.9393511917e-02     0.0000000000e+00     0.0000000000e+00
    5.250000     1.0196757833e-01     0.0000000000e+00     0.0000000000e+00
    5.300000     1.2418935310e-01     0.0000000000e+00     0.0000000000e+00
    5.350000     8.5250332403e-02     0.0000000000e+00     0.0000000000e+00
    5.400000     6.3261008227e-02     0.0000000000e+00    -0.0000000000e+00
    5.450000     8.6944877106e-02    -0.0000000000e+00     0.0000000000e+00
    5.500000     1.3886981038e-01     0.0000000000e+00     0.0000000000e+00
    5.550000     1.8374104176e-01     0.0000000000e+00     0.0000000000e+00
    5.600000     1.7439524661e-01     0.0000000000e+00     0.0000000000e+00
    5.650000     1.3677182809e-01     0.0000000000e+00     0.0000000000e+00
    5.700000     1.1291073157e-01     0.0000000000e+00     0.0000000000e+00
    5.750000     8.5693673512e-02     0.0000000000e+00     0.0000000000e+00
    5.800000     6.5916528814e-02     0.0000000000e+00     0.0000000000e+00
    5.850000     9.8223447778e-02     0.0000000000e+00     0.0000000000e+00
    5.900000     1.4667283347e-01     0.0000000000e+00     0.0000000000e+00
    5.950000     1.4360336122e-01    -0.0000000000e+00     0.0000000000e+00
    6.000000     1.0435317728e-01    -0.0000000000e+00    -0.0000000000e+00
    6.050000     1.1860846065e-01     0.0000000000e+00    -0.0000000000e+00
    6.100000     1.7336244976e-01     0.0000000000e+00     0.0000000000e+00
    6.150000     1.7016713646e-01     0.0000000000e+00     0.0000000000e+00
    6.200000     1.1536408186e-01    -0.0000000000e+00     0.0000000000e+00
    6.250000     7.5849263861e-02    -0.0000000000e+00    -0.0000000000e+00
    6.300000     5.7695790896e-02     0.0000000000e+00    -0.0000000000e+00
    6.350000     5.6757249408e-02     0.0000000000e+00     0.0000000000e+00
    6.400000     6.5865531255e-02     0.0000000000e+00     0.0000000000e+00
    6.450000     6.0751776700e-02     0.0000000000e+00     0.0000000000e+00
    6.500000     3.8832488184e-02     0.0000000000e+00    -0.0000000000e+00
    6.550000     9.1811552590e-03     0.0000000000e+00     0.0000000000e+00
    6.600000    -2.3765483134e-03     0.0000000000e+00     0.0000000000e+00
    6.650000     2.2967679796e-02     0.0000000000e+00     0.0000000000e+00
    6.700000     5.2165154768e-02     0.0000000000e+00     0.0000000000e+00
    6.750000     4.9439216615e-02     0.0000000000e+00     0.0000000000e+00
    6.800000     3.6785506100e-02     0.0000000000e+00     0.0000000000e+00
    6.850000     4.2317411040e-02     0.0000000000e+00     0.0000000000e+00
    6.900000     3.8582453794e-02     0.0000000000e+00     0.0000000000e+00
    6.950000     1.5789337821e-02     0.0000000000e+00     0.0000000000e+00
    7.000000     6.5342520966e-04     0.0000000000e+00     0.0000000000e+00
    7.050000    -3.3020212365e-03     0.0000000000e+00     0.0000000000e+00
    7.100000    -2.7282635026e-03     0.0000000000e+00     0.0000000000e+00
    7.150000     1.3855644667e-03     0.0000000000e+00     0.0000000000e+00
    7.200000     4.6505508010e-03    -0.0000000000e+00    -0.0000000000e+00
    7.250000     1.2272973795e-02    -0.0000000000e+00    -0.0000000000e+00
    7.300000     2.1196060038e-02    -0.0000000000e+00    -0.0000000000e+00
    7.350000     2.1083109799e-02    -0.0000000000e+00    -0.0000000000e+00
    7.400000     1.6384862030e-02    -0.0000000000e+00     0.0000000000e+00
    7.450000     1.0426480376e-02    -0.0000000000e+00    -0.0000000000e+00
    7.500000     4.9658767775e-03    -0.0000000000e+00    -0.0000000000e+00
    7.550000     1.5425174361e-02     0.0000000000e+00    -0.0000000000e+00
    7.600000     4.5065507091e-02     0.0000000000e+00     0.0000000000e+00
    7.650000     5.7253373910e-02     0.0000000000e+00     0.0000000000e+00
    7.700000     4.0786679515e-02     0.0000000000e+00     0.0000000000e+00
    7.750000     2.0819196049e-02     0.0000000000e+00     0.0000000000e+00
    7.800000     1.2923414196e-02     0.0000000000e+00     0.0000000000e+00
    7.850000     9.7971112730e-03     0.0000000000e+00     0.0000000000e+00
    7.900000     6.1241570484e-03     0.0000000000e+00     0.0000000000e+00
    7.950000     3.7740423932e-03     0.0000000000e+00     0.0000000000e+00
    8.000000     3.5279167152e-03    -0.0000000000e+00    -0.0000000000e+00
    8.050000     1.4160829515e-02    -0.0000000000e+00    -0.0000000000e+00
    8.100000     2.9253315296e-02     0.0000000000e+00     0.0000000000e+00
    8.150000     3.1736807899e-02     0.0000000000e+00     0.0000000000e+00
    8.200000     2.0896544723e-02     0.0000000000e+00     0.0000000000e+00
    8.250000     1.6296413057e-02     0.0000000000e+00    -0.0000000000e+00
    8.300000     2.0122706237e-02    -0.0000000000e+00    -0.0000000000e+00
    8.350000     2.4547390887e-02     0.0000000000e+00     0.0000000000e+00
    8.400000     2.6356114334e-02     0.0000000000e+00     0.0000000000e+00
    8.450000     2.1209710562e-02     0.0000000000e+00     0.0000000000e+00
    8.500000     9.9091573151e-03     0.0000000000e+00     0.0000000000e+00
    8.550000    -6.9603007990e-04     0.0000000000e+00     0.0000000000e+00
    8.600000    -1.9204389962e-03     0.0000000000e+00     0.0000000000e+00
    8.650000    -1.9539462863e-03     0.0000000000e+00     0.0000000000e+00
    8.700000    -9.0915020160e-04     0.0000000000e+00     0.0000000000e+00
    8.750000     2.0434730079e-03     0.0000000000e+00     0.0000000000e+00
    8.800000     7.8159141034e-04     0.0000000000e+00     0.0000000000e+00
    8.850000    -6.4942901459e-03    -0.0000000000e+00    -0.0000000000e+00
    8.900000    -6.3795751257e-03    -0.0000000000e+00    -0.0000000000e+00
    8.950000     7.6237327971e-03    -0.0000000000e+00    -0.0000000000e+00
    9.000000     1.7982510306e-02     0.0000000000e+00     0.0000000000e+00
    9.050000     1.7955878014e-02     0.0000000000e+00     0.0000000000e+00
    9.100000     1.4413828160e-02    -0.0000000000e+00     0.0000000000e+00
    9.150000     1.1861674148e-02    -0.0000000000e+00    -0.0000000000e+00
    9.200000     1.1186061680e-02     0.0000000000e+00     0.0000000000e+00
    9.250000     1.6811685410e-02     0.0000000000e+00     0.0000000000e+00
    9.300000     2.1437160214e-02     0.0000000000e+00     0.0000000000e+00
    9.350000     1.9561235192e-02    -0.0000000000e+00     0.0000000000e+00
    9.400000     1.1966772506e-02    -0.0000000000e+00    -0.0000000000e+00
    9.450000     4.1224849883e-03     0.0000000000e+00    -0.0000000000e+00
    9.500000     7.5933671602e-04     0.0000000000e+00    -0.0000000000e+00
    9.550000     2.9907649159e-03    -0.0000000000e+00    -0.0000000000e+00
    9.600000     8.0246119272e-03    -0.0000000000e+00     0.0000000000e+00
    9.650000     1.1046602485e-02     0.0000000000e+00     0.0000000000e+00
    9.700000     1.5073699978e-02     0.0000000000e+00     0.0000000000e+00
    9.750000     2.0576143241e-02     0.0000000000e+00     0.0000000000e+00
    9.800000     2.3882898119e-02     0.0000000000e+00     0.0000000000e+00
    9.850000     1.9634181526e-02     0.0000000000e+00     0.0000000000e+00
    9.900000     1.4987486325e-02    -0.0000000000e+00     0.0000000000e+00
    9.950000     1.2892404096e-02    -0.0000000000e+00     0.0000000000e+00
   10.000000     1.1330401383e-02     0.0000000000e+00     0.0000000000e+00
   10.050000     1.0557302778e-02     0.0000000000e+00     0.0000000000e+00
   10.100000     1.1643727682e-02     0.0000000000e+00     0.0000000000e+00
   10.150000     1.2423720852e-02     0.0000000000e+00     0.0000000000e+00
   10.200000     8.9570002849e-03     0.0000000000e+00     0.0000000000e+00
   10.250000     3.5328330030e-03    -0.0000000000e+00     0.0000000000e+00
   10.300000    -9.1397885621e-04    -0.0000000000e+00    -0.0000000000e+00
   10.350000    -2.9840474803e-04    -0.0000000000e+00    -0.0000000000e+00
   10.400000     2.9605482400e-03    -0.0000000000e+00    -0.0000000000e+00
   10.450000     6.5136833227e-03     0.0000000000e+00     0.0000000000e+00
   10.500000     8.5097590148e-03     0.0000000000e+00     0.0000000000e+00
   10.550000     1.0531784343e-02     0.0000000000e+00     0.0000000000e+00
   10.600000     9.7057700147e-03     0.0000000000e+00     0.0000000000e+00
   10.650000     7.1991755468e-03     0.0000000000e+00     0.0000000000e+00
   10.700000     8.7263897980e-03     0.0000000000e+00     0.0000000000e+00
   10.750000     1.3691716434e-02     0.0000000000e+00    -0.0000000000e+00
   10.800000     1.7842503756e-02    -0.0000000000e+00    -0.0000000000e+00
   10.850000     1.6177527679e-02    -0.0000000000e+00     0.0000000000e+00
   10.900000     1.1671536833e-02     0.0000000000e+00     0.0000000000e+00
   10.950000     6.1219595308e-03     0.0000000000e+00     0.0000000000e+00
   11.000000     3.5843262841e-03     0.0000000000e+00     0.0000000000e+00
   11.050000     3.4196704919e-03     0.0000000000e+00     0.0000000000e+00
   11.100000     3.8783079245e-03     0.0000000000e+00     0.0000000000e+00
   11.150000     3.8846909167e-03     0.0000000000e+00     0.0000000000e+00
   11.200000     4.6511927029e-03    -0.0000000000e+00     0.0000000000e+00
   11.250000     5.8577592301e-03    -0.0000000000e+00     0.0000000000e+00
   11.300000     6.6187882422e-03    -0.0000000000e+00    -0.0000000000e+00
   11.350000     1.0171051938e-02     0.0000000000e+00    -0.0000000000e+00
   11.400000     1.4008855133e-02     0.0000000000e+00    -0.0000000000e+00
   11.450000     1.4389881133e-02     0.0000000000e+00    -0.0000000000e+00
   11.500000     1.0231046190e-02     0.0000000000e+00     0.0000000000e+00
   11.550000     8.4966314499e-03     0.0000000000e+00     0.0000000000e+00
   11.600000     9.0184360687e-03     0.0000000000e+00     0.0000000000e+00
   11.650000     9.5556631663e-03    -0.0000000000e+00    -0.0000000000e+00
   11.700000     8.9117773289e-03    -0.0000000000e+00    -0.0000000000e+00
   11.750000     1.1423377247e-02    -0.0000000000e+00    -0.0000000000e+00
   11.800000     1.8258518687e-02    -0.0000000000e+00    -0.0000000000e+00
   11.850000     2.2569035995e-02     0.0000000000e+00     0.0000000000e+00
   11.900000     2.1990192786e-02     0.0000000000e+00     0.0000000000e+00
   11.950000     1.9848203004e-02     0.0000000000e+00     0.0000000000e+00
   12.000000     2.0492508144e-02     0.0000000000e+00     0.0000000000e+00
   12.050000     1.9961523244e-02     0.0000000000e+00     0.0000000000e+00
   12.100000     2.0733074851e-02     0.0000000000e+00     0.0000000000e+00
   12.150000     2.1836755673e-02     0.0000000000e+00     0.0000000000e+00
   12.200000     2.0088582402e-02     0.0000000000e+00     0.0000000000e+00
   12.250000     1.5636817345e-02     0.0000000000e+00     0.0000000000e+00
   12.300000     1.3299198420e-02     0.0000000000e+00     0.0000000000e+00
   12.350000     1.5641502378e-02     0.0000000000e+00     0.0000000000e+00
   12.400000     1.8332578090e-02     0.0000000000e+00     0.0000000000e+00
   12.450000     1.8952152913e-02     0.0000000000e+00     0.0000000000e+00
   12.500000     1.8612810249e-02     0.0000000000e+00    -0.0000000000e+00
   12.550000     1.8759136710e-02    -0.0000000000e+00     0.0000000000e+00
   12.600000     1.5982885422e-02     0.0000000000e+00     0.0000000000e+00
   12.650000     1.2732240450e-02     0.0000000000e+00     0.0000000000e+00
   12.700000     1.0063152543e-02     0.0000000000e+00     0.0000000000e+00
   12.750000     9.6946772242e-03     0.0000000000e+00     0.0000000000e+00
   12.800000     9.8564225839e-03     0.0000000000e+00     0.0000000000e+00
   12.850000     1.0433928177e-02     0.0000000000e+00     0.0000000000e+00
   12.900000     1.2603891230e-02     0.0000000000e+00     0.0000000000e+00
   12.950000     1.4980928252e-02     0.0000000000e+00     0.0000000000e+00
   13.000000     1.6098032987e-02     0.0000000000e+00     0.0000000000e+00
   13.050000     1.6175370530e-02     0.0000000000e+00     0.0000000000e+00
   13.100000     1.6662635329e-02     0.0000000000e+00     0.0000000000e+00
   13.150000     1.4521928139e-02     0.0000000000e+00     0.0000000000e+00
   13.200000     1.2826995927e-02     0.0000000000e+00     0.0000000000e+00
   13.250000     1.0671226898e-02     0.0000000000e+00     0.0000000000e+00
   13.300000     7.9716901746e-03     0.0000000000e+00     0.0000000000e+00
   13.350000     6.1174968031e-03     0.0000000000e+00     0.0000000000e+00
   13.400000     8.9781428268e-03     0.0000000000e+00     0.0000000000e+00
   13.450000     1.5706120708e-02     0.0000000000e+00     0.0000000000e+00
   13.500000     2.0445020177e-02     0.0000000000e+00     0.0000000000e+00
   13.550000     1.9142566665e-02     0.0000000000e+00     0.0000000000e+00
   13.600000     1.4134241591e-02     0.0000000000e+00     0.0000000000e+00
   13.650000     1.2668171222e-02    -0.0000000000e+00    -0.0000000000e+00
   13.700000     1.3814865737e-02    -0.0000000000e+00    -0.0000000000e+00
   13.750000     1.5031817723e-02    -0.0000000000e+00    -0.0000000000e+00
   13.800000     1.3203559651e-02    -0.0000000000e+00     0.0000000000e+00
   13.850000     1.2909318202e-02     0.0000000000e+00     0.0000000000e+00
   13.900000     1.3648210053e-02     0.0000000000e+00     0.0000000000e+00
   13.950000     1.3118513315e-02     0.0000000000e+00     0.0000000000e+00
   14.000000     1.0515288870e-02     0.0000000000e+00     0.0000000000e+00
   14.050000     9.1457536883e-03     0.0000000000e+00     0.0000000000e+00
   14.100000     1.1283965693e-02     0.0000000000e+00     0.0000000000e+00
   14.150000     1.1753855526e-02     0.0000000000e+00     0.0000000000e+00
   14.200000     9.8168783867e-03     0.0000000000e+00    -0.0000000000e+00
   14.250000     7.4381277557e-03     0.0000000000e+00     0.0000000000e+00
   14.300000     8.2177739510e-03    -0.0000000000e+00     0.0000000000e+00
   14.350000     1.2209278859e-02    -0.0000000000e+00    -0.0000000000e+00
   14.400000     2.0504600251e-02    -0.0000000000e+00    -0.0000000000e+00
   14.450000     2.7150973316e-02    -0.0000000000e+00    -0.0000000000e+00
   14.500000     2.8692658770e-02     0.0000000000e+00     0.0000000000e+00
   14.550000     2.4791159127e-02     0.0000000000e+00     0.0000000000e+00
   14.600000     1.8698569271e-02     0.0000000000e+00     0.0000000000e+00
   14.650000     1.5125053041e-02     0.0000000000e+00     0.0000000000e+00
   14.700000     1.6591847253e-02     0.0000000000e+00     0.0000000000e+00
   14.750000     2.1703552083e-02     0.0000000000e+00     0.0000000000e+00
   14.800000     2.3384134776e-02     0.0000000000e+00     0.0000000000e+00
   14.850000     2.2331777468e-02     0.0000000000e+00     0.0000000000e+00
   14.900000     1.9237288951e-02     0.0000000000e+00     0.0000000000e+00
   14.950000     1.6995987846e-02     0.0000000000e+00     0.0000000000e+00
   15.000000     1.5356968819e-02     0.0000000000e+00     0.0000000000e+00
   15.050000     1.4606511810e-02     0.0000000000e+00     0.0000000000e+00
   15.100000     1.3181110228e-02     0.0000000000e+00     0.0000000000e+00
   15.150000     1.1863586896e-02     0.0000000000e+00     0.0000000000e+00
   15.200000     1.1776675033e-02     0.0000000000e+00     0.0000000000e+00
   15.250000     1.2141405931e-02     0.0000000000e+00     0.0000000000e+00
   15.300000     1.4317164909e-02    -0.0000000000e+00     0.0000000000e+00
   15.350000     1.7597846948e-02    -0.0000000000e+00    -0.0000000000e+00
   15.400000     2.1277100911e-02     0.0000000000e+00     0.0000000000e+00
   15.450000     2.1143922952e-02     0.0000000000e+00     0.0000000000e+00
   15.500000     1.7497458070e-02     0.0000000000e+00     0.0000000000e+00
   15.550000     1.2948648703e-02     0.0000000000e+00    -0.0000000000e+00
   15.600000     1.1980931188e-02    -0.0000000000e+00    -0.0000000000e+00
   15.650000     1.2441622424e-02    -0.0000000000e+00    -0.0000000000e+00
   15.700000     1.2645979947e-02     0.0000000000e+00     0.0000000000e+00
   15.750000     1.1960628324e-02     0.0000000000e+00     0.0000000000e+00
   15.800000     1.1853968711e-02     0.0000000000e+00     0.0000000000e+00
   15.850000     1.3802359495e-02     0.0000000000e+00     0.0000000000e+00
   15.900000     1.5497703464e-02     0.0000000000e+00     0.0000000000e+00
   15.950000     1.6424501067e-02    -0.0000000000e+00     0.0000000000e+00
   16.000000     1.3920499530e-02     0.0000000000e+00    -0.0000000000e+00
   16.050000     1.1143956519e-02     0.0000000000e+00     0.0000000000e+00
   16.100000     8.5557433747e-03     0.0000000000e+00     0.0000000000e+00
   16.150000     7.6030989066e-03     0.0000000000e+00     0.0000000000e+00
   16.200000     7.3779360549e-03     0.0000000000e+00     0.0000000000e+00
   16.250000     8.1408237519e-03     0.0000000000e+00     0.0000000000e+00
   16.300000     8.9987529432e-03     0.0000000000e+00     0.0000000000e+00
   16.350000     9.5561953039e-03     0.0000000000e+00     0.0000000000e+00
   16.400000     1.0830215352e-02     0.0000000000e+00     0.0000000000e+00
   16.450000     1.1912184280e-02     0.0000000000e+00     0.0000000000e+00
   16.500000     1.4870409513e-02     0.0000000000e+00     0.0000000000e+00
   16.550000     1.9943397867e-02    -0.0000000000e+00    -0.0000000000e+00
   16.600000     2.7955536081e-02    -0.0000000000e+00    -0.0000000000e+00
   16.650000     3.1495584311e-02     0.0000000000e+00     0.0000000000e+00
   16.700000     2.8287714666e-02     0.0000000000e+00     0.0000000000e+00
   16.750000     2.3848892808e-02     0.0000000000e+00     0.0000000000e+00
   16.800000     2.3175540181e-02     0.0000000000e+00     0.0000000000e+00
   16.850000     2.3034094481e-02     0.0000000000e+00     0.0000000000e+00
   16.900000     2.2086624908e-02     0.0000000000e+00    -0.0000000000e+00
   16.950000     2.0807227208e-02     0.0000000000e+00    -0.0000000000e+00
   17.000000     1.7598316199e-02     0.0000000000e+00    -0.0000000000e+00
   17.050000     1.3697349327e-02    -0.0000000000e+00     0.0000000000e+00
   17.100000     1.2688213311e-02    -0.0000000000e+00     0.0000000000e+00
   17.150000     1.9080434431e-02    -0.0000000000e+00     0.0000000000e+00
   17.200000     2.3675635202e-02    -0.0000000000e+00    -0.0000000000e+00
   17.250000     2.1442581282e-02    -0.0000000000e+00     0.0000000000e+00
   17.300000     1.6218126469e-02     0.0000000000e+00     0.0000000000e+00
   17.350000     1.3604836741e-02     0.0000000000e+00     0.0000000000e+00
   17.400000     1.4230065953e-02     0.0000000000e+00     0.0000000000e+00
   17.450000     1.8023024182e-02     0.0000000000e+00     0.0000000000e+00
   17.500000     2.2155600232e-02     0.0000000000e+00     0.0000000000e+00
   17.550000     2.2108325161e-02     0.0000000000e+00     0.0000000000e+00
   17.600000     1.9634337665e-02     0.0000000000e+00     0.0000000000e+00
   17.650000     1.5980470147e-02     0.0000000000e+00     0.0000000000e+00
   17.700000     1.3537733486e-02     0.0000000000e+00     0.0000000000e+00
   17.750000     1.2838874686e-02     0.0000000000e+00     0.0000000000e+00
   17.800000     1.5066702492e-02     0.0000000000e+00     0.0000000000e+00
   17.850000     1.5948292505e-02     0.0000000000e+00     0.0000000000e+00
   17.900000     1.5821086965e-02     0.0000000000e+00     0.0000000000e+00
   17.950000     1.4646258204e-02    -0.0000000000e+00    -0.0000000000e+00
   18.000000     1.3970469860e-02    -0.0000000000e+00     0.0000000000e+00
   18.050000     1.4933211885e-02     0.0000000000e+00     0.0000000000e+00
   18.100000     1.4540990685e-02     0.0000000000e+00     0.0000000000e+00
   18.150000     1.3564223767e-02     0.0000000000e+00     0.0000000000e+00
   18.200000     1.3513762935e-02     0.0000000000e+00     0.0000000000e+00
   18.250000     1.5433281830e-02     0.0000000000e+00     0.0000000000e+00
   18.300000     1.5204445010e-02     0.0000000000e+00     0.0000000000e+00
   18.350000     1.4009091866e-02     0.0000000000e+00     0.0000000000e+00
   18.400000     1.2069790816e-02     0.0000000000e+00     0.0000000000e+00
   18.450000     1.1587422796e-02    -0.0000000000e+00    -0.0000000000e+00
   18.500000     1.2074366184e-02    -0.0000000000e+00    -0.0000000000e+00
   18.550000     1.3293253595e-02    -0.0000000000e+00    -0.0000000000e+00
   18.600000     1.5304546873e-02    -0.0000000000e+00    -0.0000000000e+00
   18.650000     1.7696035398e-02     0.0000000000e+00    -0.0000000000e+00
   18.700000     1.7927708610e-02     0.0000000000e+00     0.0000000000e+00
   18.750000     1.5139274320e-02     0.0000000000e+00     0.0000000000e+00
   18.800000     1.5252490274e-02     0.0000000000e+00     0.0000000000e+00
   18.850000     1.5586391571e-02     0.0000000000e+00    -0.0000000000e+00
   18.900000     1.6733668680e-02     0.0000000000e+00     0.0000000000e+00
   18.950000     1.9245905705e-02     0.0000000000e+00     0.0000000000e+00
   19.000000     2.1427240476e-02     0.0000000000e+00     0.0000000000e+00
   19.050000     1.9592267132e-02     0.0000000000e+00     0.0000000000e+00
   19.100000     1.6555549408e-02     0.0000000000e+00     0.0000000000e+00
   19.150000     1.3173290862e-02     0.0000000000e+00     0.0000000000e+00
   19.200000     1.0154325312e-02     0.0000000000e+00     0.0000000000e+00
   19.250000     1.0353237397e-02    -0.0000000000e+00    -0.0000000000e+00
   19.300000     1.3048362094e-02    -0.0000000000e+00    -0.0000000000e+00
   19.350000     1.8186414419e-02    -0.0000000000e+00     0.0000000000e+00
   19.400000     2.0855535698e-02     0.0000000000e+00     0.0000000000e+00
   19.450000     2.0320704983e-02    -0.0000000000e+00     0.0000000000e+00
   19.500000     1.8270046082e-02    -0.0000000000e+00    -0.0000000000e+00
   19.550000     1.8184367857e-02    -0.0000000000e+00    -0.0000000000e+00
   19.600000     1.8049977417e-02    -0.0000000000e+00    -0.0000000000e+00
   19.650000     1.7280246201e-02     0.0000000000e+00     0.0000000000e+00
   19.700000     1.5261363276e-02     0.0000000000e+00     0.0000000000e+00
   19.750000     1.3093667442e-02     0.0000000000e+00     0.0000000000e+00
   19.800000     1.2053276172e-02     0.0000000000e+00     0.0000000000e+00
   19.850000     1.1489084568e-02     0.0000000000e+00     0.0000000000e+00
   19.900000     1.2258386651e-02     0.0000000000e+00     0.0000000000e+00
   19.950000     1.2049810104e-02     0.0000000000e+00     0.0000000000e+00
   20.000000     1.1379146346e-02     0.0000000000e+00     0.0000000000e+00
   20.050000     9.9441048959e-03     0.0000000000e+00     0.0000000000e+00
   20.100000     1.1523782896e-02    -0.0000000000e+00     0.0000000000e+00
   20.150000     1.5109203710e-02    -0.0000000000e+00    -0.0000000000e+00
   20.200000     1.9042314949e-02     0.0000000000e+00     0.0000000000e+00
   20.250000     2.0479162804e-02     0.0000000000e+00     0.0000000000e+00
   20.300000     1.9145717693e-02     0.0000000000e+00     0.0000000000e+00
   20.350000     1.7880155815e-02    -0.0000000000e+00     0.0000000000e+00
   20.400000     1.8245194830e-02    -0.0000000000e+00     0.0000000000e+00
   20.450000     2.1141548761e-02     0.0000000000e+00     0.0000000000e+00
   20.500000     2.2700270954e-02     0.0000000000e+00     0.0000000000e+00
   20.550000     2.1886888609e-02     0.0000000000e+00     0.0000000000e+00
   20.600000     1.8840147716e-02     0.0000000000e+00     0.0000000000e+00
   20.650000     1.8326970611e-02     0.0000000000e+00     0.0000000000e+00
   20.700000     1.8936652885e-02     0.0000000000e+00     0.0000000000e+00
   20.750000     1.9685899812e-02     0.0000000000e+00     0.0000000000e+00
   20.800000     1.9069893427e-02    -0.0000000000e+00     0.0000000000e+00
   20.850000     1.7414887607e-02     0.0000000000e+00     0.0000000000e+00
   20.900000     1.6515072583e-02     0.0000000000e+00     0.0000000000e+00
   20.950000     1.6414001046e-02     0.0000000000e+00     0.0000000000e+00
   21.000000     1.6151390154e-02     0.0000000000e+00     0.0000000000e+00
   21.050000     1.4505828279e-02     0.0000000000e+00     0.0000000000e+00
   21.100000     1.4473469412e-02     0.0000000000e+00     0.0000000000e+00
   21.150000     1.4396851676e-02     0.0000000000e+00     0.0000000000e+00
   21.200000     1.3876773732e-02     0.0000000000e+00     0.0000000000e+00
   21.250000     1.2305354055e-02     0.0000000000e+00     0.0000000000e+00
   21.300000     1.2725905593e-02     0.0000000000e+00     0.0000000000e+00
   21.350000     1.3278515496e-02     0.0000000000e+00     0.0000000000e+00
   21.400000     1.3245485177e-02    -0.0000000000e+00     0.0000000000e+00
   21.450000     1.3154506550e-02    -0.0000000000e+00     0.0000000000e+00
   21.500000     1.2930647742e-02     0.0000000000e+00    -0.0000000000e+00
   21.550000     1.3275325694e-02     0.0000000000e+00    -0.0000000000e+00
   21.600000     1.2815857661e-02     0.0000000000e+00    -0.0000000000e+00
   21.650000     1.2060183596e-02     0.0000000000e+00    -0.0000000000e+00
   21.700000     1.0212680820e-02     0.0000000000e+00     0.0000000000e+00
   21.750000     1.1852843942e-02    -0.0000000000e+00    -0.0000000000e+00
   21.800000     1.6577702731e-02    -0.0000000000e+00    -0.0000000000e+00
   21.850000     2.1421618269e-02     0.0000000000e+00    -0.0000000000e+00
   21.900000     2.2250740513e-02     0.0000000000e+00     0.0000000000e+00
   21.950000     2.1561351363e-02     0.0000000000e+00     0.0000000000e+00
   22.000000     1.9783703195e-02     0.0000000000e+00     0.0000000000e+00
   22.050000     1.7110237999e-02     0.0000000000e+00     0.0000000000e+00
   22.100000     1.6483384677e-02    -0.0000000000e+00     0.0000000000e+00
   22.150000     1.5854090184e-02     0.0000000000e+00     0.0000000000e+00
   22.200000     1.4541093508e-02     0.0000000000e+00     0.0000000000e+00
   22.250000     1.1773733478e-02     0.0000000000e+00     0.0000000000e+00
   22.300000     1.0190373940e-02     0.0000000000e+00     0.0000000000e+00
   22.350000     9.2469910473e-03     0.0000000000e+00     0.0000000000e+00
   22.400000     9.9172790643e-03     0.0000000000e+00     0.0000000000e+00
   22.450000     1.0253223386e-02     0.0000000000e+00     0.0000000000e+00
   22.500000     1.1833452460e-02     0.0000000000e+00     0.0000000000e+00
   22.550000     1.3601775939e-02     0.0000000000e+00     0.0000000000e+00
   22.600000     1.3632860294e-02     0.0000000000e+00     0.0000000000e+00
   22.650000     1.2910089013e-02     0.0000000000e+00    -0.0000000000e+00
   22.700000     1.1315979997e-02    -0.0000000000e+00    -0.0000000000e+00
   22.750000     1.0645804297e-02     0.0000000000e+00     0.0000000000e+00
   22.800000     9.6775332797e-03     0.0000000000e+00     0.0000000000e+00
   22.850000     1.0397660020e-02     0.0000000000e+00     0.0000000000e+00
   22.900000     1.2532332979e-02     0.0000000000e+00     0.0000000000e+00
   22.950000     1.5523038118e-02     0.0000000000e+00     0.0000000000e+00
   23.000000     1.5060964928e-02     0.0000000000e+00     0.0000000000e+00
   23.050000     1.3665228995e-02     0.0000000000e+00     0.0000000000e+00
   23.100000     1.3599035018e-02     0.0000000000e+00     0.0000000000e+00
   23.150000     1.3916970039e-02     0.0000000000e+00     0.0000000000e+00
   23.200000     1.4325639905e-02     0.0000000000e+00     0.0000000000e+00
   23.250000     1.4591285589e-02     0.0000000000e+00     0.0000000000e+00
   23.300000     1.4630435651e-02    -0.0000000000e+00     0.0000000000e+00
   23.350000     1.2868111432e-02    -0.0000000000e+00    -0.0000000000e+00
   23.400000     1.2406274373e-02     0.0000000000e+00     0.0000000000e+00
   23.450000     1.2596791520e-02     0.0000000000e+00     0.0000000000e+00
   23.500000     1.3683345408e-02     0.0000000000e+00     0.0000000000e+00
   23.550000     1.4157702190e-02     0.0000000000e+00     0.0000000000e+00
   23.600000     1.5588793245e-02     0.0000000000e+00     0.0000000000e+00
   23.650000     1.5689337687e-02     0.0000000000e+00     0.0000000000e+00
   23.700000     1.3643307334e-02     0.0000000000e+00     0.0000000000e+00
   23.750000     1.1902879249e-02     0.0000000000e+00     0.0000000000e+00
   23.800000     1.1819146237e-02     0.0000000000e+00     0.0000000000e+00
   23.850000     1.3324627277e-02     0.0000000000e+00     0.0000000000e+00
   23.900000     1.3730673452e-02     0.0000000000e+00     0.0000000000e+00
   23.950000     1.3515925278e-02     0.0000000000e+00    -0.0000000000e+00
   24.000000     1.2070837356e-02     0.0000000000e+00     0.0000000000e+00
   24.050000     1.2045570038e-02     0.0000000000e+00     0.0000000000e+00
   24.100000     1.1309198284e-02     0.0000000000e+00     0.0000000000e+00
   24.150000     1.0852594413e-02     0.0000000000e+00     0.0000000000e+00
   24.200000     1.0280296257e-02     0.0000000000e+00     0.0000000000e+00
   24.250000     9.6626875496e-03     0.0000000000e+00     0.0000000000e+00
   24.300000     9.5496948957e-03     0.0000000000e+00     0.0000000000e+00
   24.350000     9.7383433048e-03     0.0000000000e+00     0.0000000000e+00
   24.400000     1.0331703901e-02     0.0000000000e+00     0.0000000000e+00
   24.450000     1.0460180529e-02     0.0000000000e+00    -0.0000000000e+00
   24.500000     1.1957661936e-02     0.0000000000e+00    -0.0000000000e+00
   24.550000     1.3602355670e-02     0.0000000000e+00     0.0000000000e+00
   24.600000     1.5620652500e-02     0.0000000000e+00     0.0000000000e+00
   24.650000     1.4831168506e-02     0.0000000000e+00     0.0000000000e+00
   24.700000     1.2835252194e-02     0.0000000000e+00     0.0000000000e+00
   24.750000     9.5132655185e-03     0.0000000000e+00     0.0000000000e+00
   24.800000     6.7411896170e-03     0.0000000000e+00     0.0000000000e+00
   24.850000     6.5342456183e-03     0.0000000000e+00     0.0000000000e+00
   24.900000     8.8368499055e-03     0.0000000000e+00     0.0000000000e+00
   24.950000     1.2131576033e-02     0.0000000000e+00     0.0000000000e+00
   25.000000     1.3348721380e-02     0.0000000000e+00     0.0000000000e+00
   25.050000     1.3487041685e-02     0.0000000000e+00     0.0000000000e+00
   25.100000     1.1919111930e-02     0.0000000000e+00     0.0000000000e+00
   25.150000     1.1146035421e-02     0.0000000000e+00     0.0000000000e+00
   25.200000     1.0287451572e-02     0.0000000000e+00     0.0000000000e+00
   25.250000     1.0034158709e-02    -0.0000000000e+00     0.0000000000e+00
   25.300000     9.1626016553e-03    -0.0000000000e+00     0.0000000000e+00
   25.350000     9.6645932268e-03     0.0000000000e+00    -0.0000000000e+00
   25.400000     1.0545938395e-02     0.0000000000e+00    -0.0000000000e+00
   25.450000     9.9325369086e-03     0.0000000000e+00     0.0000000000e+00
   25.500000     9.1893960344e-03     0.0000000000e+00     0.0000000000e+00
   25.550000     8.9915572288e-03     0.0000000000e+00     0.0000000000e+00
   25.600000     1.0092794706e-02     0.0000000000e+00     0.0000000000e+00
   25.650000     9.5789040791e-03     0.0000000000e+00     0.0000000000e+00
   25.700000     8.9074065181e-03     0.0000000000e+00     0.0000000000e+00
   25.750000     8.1208370611e-03     0.0000000000e+00     0.0000000000e+00
   25.800000     9.2308650207e-03     0.0000000000e+00     0.0000000000e+00
   25.850000     1.0568955604e-02     0.0000000000e+00     0.0000000000e+00
   25.900000     1.1769104244e-02     0.0000000000e+00     0.0000000000e+00
   25.950000     1.1086284058e-02     0.0000000000e+00     0.0000000000e+00
   26.000000     9.6129143527e-03     0.0000000000e+00     0.0000000000e+00
   26.050000     8.5517441637e-03     0.0000000000e+00     0.0000000000e+00
   26.100000     7.2449041953e-03     0.0000000000e+00     0.0000000000e+00
   26.150000     8.0950472356e-03     0.0000000000e+00     0.0000000000e+00
   26.200000     9.2774655200e-03     0.0000000000e+00     0.0000000000e+00
   26.250000     1.0339174958e-02     0.0000000000e+00     0.0000000000e+00
   26.300000     9.8084399814e-03     0.0000000000e+00     0.0000000000e+00
   26.350000     9.4635287850e-03    -0.0000000000e+00     0.0000000000e+00
   26.400000     7.8334193665e-03    -0.0000000000e+00    -0.0000000000e+00
   26.450000     6.6309295305e-03     0.0000000000e+00     0.0000000000e+00
   26.500000     6.5053643273e-03     0.0000000000e+00     0.0000000000e+00
   26.550000     7.0732740110e-03     0.0000000000e+00     0.0000000000e+00
   26.600000     7.2967785041e-03     0.0000000000e+00     0.0000000000e+00
   26.650000     7.4117486261e-03     0.0000000000e+00     0.0000000000e+00
   26.700000     8.8005322115e-03     0.0000000000e+00     0.0000000000e+00
   26.750000     9.4055376106e-03     0.0000000000e+00     0.0000000000e+00
   26.800000     1.1121779978e-02    -0.0000000000e+00     0.0000000000e+00
   26.850000     1.3376997615e-02    -0.0000000000e+00     0.0000000000e+00
   26.900000     1.6667117311e-02     0.0000000000e+00    -0.0000000000e+00
   26.950000     1.7489116594e-02     0.0000000000e+00    -0.0000000000e+00
   27.000000     1.6533787646e-02     0.0000000000e+00     0.0000000000e+00
   27.050000     1.4788446128e-02     0.0000000000e+00     0.0000000000e+00
   27.100000     1.3792017747e-02     0.0000000000e+00     0.0000000000e+00
   27.150000     1.4072822371e-02     0.0000000000e+00    -0.0000000000e+00
   27.200000     1.4886388844e-02    -0.0000000000e+00    -0.0000000000e+00
   27.250000     1.4413112649e-02     0.0000000000e+00     0.0000000000e+00
   27.300000     1.1375870259e-02     0.0000000000e+00     0.0000000000e+00
   27.350000     9.4192859821e-03     0.0000000000e+00     0.0000000000e+00
   27.400000     7.1693162548e-03     0.0000000000e+00     0.0000000000e+00
   27.450000     6.3849526201e-03     0.0000000000e+00     0.0000000000e+00
   27.500000     6.4102203419e-03     0.0000000000e+00     0.0000000000e+00
   27.550000     7.4350764260e-03     0.0000000000e+00     0.0000000000e+00
   27.600000     7.6125686232e-03     0.0000000000e+00     0.0000000000e+00
   27.650000     7.2570507960e-03     0.0000000000e+00     0.0000000000e+00
   27.700000     6.6857354693e-03     0.0000000000e+00     0.0000000000e+00
   27.750000     6.6236090242e-03     0.0000000000e+00     0.0000000000e+00
   27.800000     7.8415016190e-03     0.0000000000e+00     0.0000000000e+00
   27.850000     9.1943860989e-03     0.0000000000e+00     0.0000000000e+00
   27.900000     1.1632823480e-02     0.0000000000e+00     0.0000000000e+00
   27.950000     1.2580026886e-02     0.0000000000e+00     0.0000000000e+00
   28.000000     1.2168300995e-02     0.0000000000e+00     0.0000000000e+00
   28.050000     8.5035106348e-03     0.0000000000e+00     0.0000000000e+00
   28.100000     5.5983026754e-03     0.0000000000e+00     0.0000000000e+00
   28.150000     4.9584970373e-03    -0.0000000000e+00     0.0000000000e+00
   28.200000     6.6294053975e-03    -0.0000000000e+00    -0.0000000000e+00
   28.250000     8.1299917285e-03    -0.0000000000e+00    -0.0000000000e+00
   28.300000     7.8569148352e-03     0.0000000000e+00     0.0000000000e+00
   28.350000     7.5443310596e-03     0.0000000000e+00     0.0000000000e+00
   28.400000     8.1108407078e-03     0.0000000000e+00     0.0000000000e+00
   28.450000     9.6422999301e-03     0.0000000000e+00     0.0000000000e+00
   28.500000     9.2081020489e-03     0.0000000000e+00     0.0000000000e+00
   28.550000     9.3097235953e-03     0.0000000000e+00     0.0000000000e+00
   28.600000     9.7374979371e-03     0.0000000000e+00     0.0000000000e+00
   28.650000     1.0705415075e-02     0.0000000000e+00     0.0000000000e+00
   28.700000     9.5451443602e-03     0.0000000000e+00     0.0000000000e+00
   28.750000     8.5680930900e-03     0.0000000000e+00     0.0000000000e+00
   28.800000     8.8403835868e-03     0.0000000000e+00     0.0000000000e+00
   28.850000     9.7799382877e-03     0.0000000000e+00     0.0000000000e+00
   28.900000     1.1653956755e-02     0.0000000000e+00     0.0000000000e+00
   28.950000     1.3320203639e-02     0.0000000000e+00     0.0000000000e+00
   29.000000     1.3852056248e-02     0.0000000000e+00     0.0000000000e+00
   29.050000     1.1833009718e-02     0.0000000000e+00     0.0000000000e+00
   29.100000     1.0638676274e-02     0.0000000000e+00     0.0000000000e+00
   29.150000     8.9900645350e-03     0.0000000000e+00     0.0000000000e+00
   29.200000     8.6739898852e-03     0.0000000000e+00     0.0000000000e+00
   29.250000     9.3073890811e-03     0.0000000000e+00     0.0000000000e+00
   29.300000     1.0347722737e-02     0.0000000000e+00     0.0000000000e+00
   29.350000     9.5949869841e-03     0.0000000000e+00     0.0000000000e+00
   29.400000     8.6384751919e-03     0.0000000000e+00     0.0000000000e+00
   29.450000     8.9867803110e-03     0.0000000000e+00     0.0000000000e+00
   29.500000     9.3364038981e-03     0.0000000000e+00     0.0000000000e+00
   29.550000     1.0266935686e-02     0.0000000000e+00     0.0000000000e+00
   29.600000     1.0954555559e-02     0.0000000000e+00     0.0000000000e+00
   29.650000     1.2383912842e-02     0.0000000000e+00    -0.0000000000e+00
   29.700000     1.1549266525e-02     0.0000000000e+00     0.0000000000e+00
   29.750000     9.1359163711e-03     0.0000000000e+00     0.0000000000e+00
   29.800000     5.6910791616e-03    -0.0000000000e+00     0.0000000000e+00
   29.850000     4.7368161431e-03    -0.0000000000e+00    -0.0000000000e+00
   29.900000     5.0581956309e-03    -0.0000000000e+00    -0.0000000000e+00
   29.950000     5.8116706876e-03     0.0000000000e+00     0.0000000000e+00
   30.000000     7.1388751394e-03     0.0000000000e+00     0.0000000000e+00
