# Photoabsorption spectrum from real-time propagation
# GPAW version: 19.8.1
# Total time = 44.9700 fs, Time steps = [30.0000] as
# Kick = [1e-05, 0, 0]
# Gaussian folding, Width = 0.0600 eV = 0.002205 Hartree <=> FWHM = 0.141289 eV
#    om (eV)                  S_x                  S_y                  S_z
    1.000000     3.3694938984e-02    -0.0000000000e+00    -0.0000000000e+00
    1.030000     3.4293801714e-02    -0.0000000000e+00    -0.0000000000e+00
    1.060000     3.4826632916e-02    -0.0000000000e+00    -0.0000000000e+00
    1.090000     3.5506352403e-02    -0.0000000000e+00    -0.0000000000e+00
    1.120000     3.6817423465e-02    -0.0000000000e+00    -0.0000000000e+00
    1.150000     3.9726340821e-02     0.0000000000e+00    -0.0000000000e+00
    1.180000     4.4759253188e-02     0.0000000000e+00     0.0000000000e+00
    1.210000     5.0339296629e-02     0.0000000000e+00     0.0000000000e+00
    1.240000     5.3596989745e-02     0.0000000000e+00     0.0000000000e+00
    1.270000     5.2985827813e-02     0.0000000000e+00     0.0000000000e+00
    1.300000     4.9473359488e-02     0.0000000000e+00    -0.0000000000e+00
    1.330000     4.5744657980e-02    -0.0000000000e+00    -0.0000000000e+00
    1.360000     4.4084896033e-02    -0.0000000000e+00    -0.0000000000e+00
    1.390000     4.5199822689e-02    -0.0000000000e+00    -0.0000000000e+00
    1.420000     5.0098026294e-02    -0.0000000000e+00    -0.0000000000e+00
    1.450000     6.1305366377e-02    -0.0000000000e+00    -0.0000000000e+00
    1.480000     7.9862248022e-02    -0.0000000000e+00    -0.0000000000e+00
    1.510000     1.0157449973e-01    -0.0000000000e+00    -0.0000000000e+00
    1.540000     1.1703490351e-01    -0.0000000000e+00    -0.0000000000e+00
    1.570000     1.1771882726e-01    -0.0000000000e+00    -0.0000000000e+00
    1.600000     1.0517797982e-01     0.0000000000e+00    -0.0000000000e+00
    1.630000     9.2008758418e-02     0.0000000000e+00     0.0000000000e+00
    1.660000     9.1413796696e-02     0.0000000000e+00     0.0000000000e+00
    1.690000     1.0768819922e-01     0.0000000000e+00     0.0000000000e+00
    1.720000     1.3404231766e-01     0.0000000000e+00     0.0000000000e+00
    1.750000     1.5578518389e-01     0.0000000000e+00     0.0000000000e+00
    1.780000     1.6019845198e-01     0.0000000000e+00     0.0000000000e+00
    1.810000     1.4606261648e-01     0.0000000000e+00     0.0000000000e+00
    1.840000     1.2195089963e-01     0.0000000000e+00     0.0000000000e+00
    1.870000     1.0073449484e-01     0.0000000000e+00     0.0000000000e+00
    1.900000     1.0281917287e-01     0.0000000000e+00     0.0000000000e+00
    1.930000     1.7358188058e-01    -0.0000000000e+00    -0.0000000000e+00
    1.960000     4.1615064700e-01    -0.0000000000e+00    -0.0000000000e+00
    1.990000     9.8911999297e-01    -0.0000000000e+00    -0.0000000000e+00
    2.020000     1.9692357385e+00    -0.0000000000e+00    -0.0000000000e+00
    2.050000     3.1229066569e+00    -0.0000000000e+00    -0.0000000000e+00
    2.080000     3.8919102904e+00    -0.0000000000e+00    -0.0000000000e+00
    2.110000     3.7972792560e+00    -0.0000000000e+00    -0.0000000000e+00
    2.140000     2.9010055774e+00     0.0000000000e+00     0.0000000000e+00
    2.170000     1.7479697422e+00     0.0000000000e+00     0.0000000000e+00
    2.200000     8.5316865971e-01     0.0000000000e+00     0.0000000000e+00
    2.230000     3.6869139685e-01    -0.0000000000e+00    -0.0000000000e+00
    2.260000     1.8545055138e-01    -0.0000000000e+00    -0.0000000000e+00
    2.290000     1.6186359536e-01    -0.0000000000e+00    -0.0000000000e+00
    2.320000     2.6604862934e-01    -0.0000000000e+00    -0.0000000000e+00
    2.350000     6.9384410680e-01    -0.0000000000e+00    -0.0000000000e+00
    2.380000     2.0130495681e+00    -0.0000000000e+00    -0.0000000000e+00
    2.410000     5.1494339265e+00    -0.0000000000e+00    -0.0000000000e+00
    2.440000     1.0701659312e+01    -0.0000000000e+00    -0.0000000000e+00
    2.470000     1.7599413995e+01    -0.0000000000e+00    -0.0000000000e+00
    2.500000     2.2774577138e+01     0.0000000000e+00     0.0000000000e+00
    2.530000     2.3419454146e+01     0.0000000000e+00     0.0000000000e+00
    2.560000     1.9980669128e+01     0.0000000000e+00     0.0000000000e+00
    2.590000     1.6014573537e+01     0.0000000000e+00     0.0000000000e+00
    2.620000     1.4565018586e+01     0.0000000000e+00     0.0000000000e+00
    2.650000     1.5274773300e+01     0.0000000000e+00     0.0000000000e+00
    2.680000     1.5427741550e+01     0.0000000000e+00     0.0000000000e+00
    2.710000     1.3188523352e+01     0.0000000000e+00     0.0000000000e+00
    2.740000     9.1743890760e+00     0.0000000000e+00     0.0000000000e+00
    2.770000     5.2182227247e+00     0.0000000000e+00     0.0000000000e+00
    2.800000     2.4899879715e+00     0.0000000000e+00     0.0000000000e+00
    2.830000     1.0230368177e+00     0.0000000000e+00     0.0000000000e+00
    2.860000     3.6332339159e-01     0.0000000000e+00     0.0000000000e+00
    2.890000     1.1619538110e-01     0.0000000000e+00     0.0000000000e+00
    2.920000     4.9368541377e-02     0.0000000000e+00     0.0000000000e+00
    2.950000     4.7478030025e-02     0.0000000000e+00     0.0000000000e+00
    2.980000     6.2774249360e-02     0.0000000000e+00     0.0000000000e+00
    3.010000     7.9181224840e-02     0.0000000000e+00     0.0000000000e+00
    3.040000     9.9217867073e-02     0.0000000000e+00     0.0000000000e+00
    3.070000     1.2513884251e-01     0.0000000000e+00     0.0000000000e+00
    3.100000     1.4913165242e-01     0.0000000000e+00     0.0000000000e+00
    3.130000     1.6863706764e-01     0.0000000000e+00     0.0000000000e+00
    3.160000     1.8209177019e-01     0.0000000000e+00     0.0000000000e+00
    3.190000     1.7530319693e-01     0.0000000000e+00     0.0000000000e+00
    3.220000     1.4007018342e-01     0.0000000000e+00     0.0000000000e+00
    3.250000     8.9398068706e-02     0.0000000000e+00     0.0000000000e+00
    3.280000     4.4767744369e-02     0.0000000000e+00     0.0000000000e+00
    3.310000     2.4114290138e-02     0.0000000000e+00     0.0000000000e+00
    3.340000     3.2390236430e-02     0.0000000000e+00     0.0000000000e+00
    3.370000     5.7183507670e-02     0.0000000000e+00     0.0000000000e+00
    3.400000     8.6182855306e-02     0.0000000000e+00     0.0000000000e+00
    3.430000     1.2605306795e-01     0.0000000000e+00     0.0000000000e+00
    3.460000     2.1059125282e-01     0.0000000000e+00     0.0000000000e+00
    3.490000     4.0114338830e-01     0.0000000000e+00     0.0000000000e+00
    3.520000     7.3866743273e-01     0.0000000000e+00     0.0000000000e+00
    3.550000     1.1549980051e+00     0.0000000000e+00     0.0000000000e+00
    3.580000     1.4636759798e+00     0.0000000000e+00     0.0000000000e+00
    3.610000     1.4930503453e+00     0.0000000000e+00     0.0000000000e+00
    3.640000     1.2435258574e+00     0.0000000000e+00     0.0000000000e+00
    3.670000     9.0622703618e-01     0.0000000000e+00     0.0000000000e+00
    3.700000     7.3770850681e-01     0.0000000000e+00     0.0000000000e+00
    3.730000     9.2664239491e-01     0.0000000000e+00     0.0000000000e+00
    3.760000     1.5056416708e+00    -0.0000000000e+00     0.0000000000e+00
    3.790000     2.2658489097e+00    -0.0000000000e+00    -0.0000000000e+00
    3.820000     2.7850517299e+00    -0.0000000000e+00    -0.0000000000e+00
    3.850000     2.7127445080e+00    -0.0000000000e+00    -0.0000000000e+00
    3.880000     2.0849243310e+00     0.0000000000e+00     0.0000000000e+00
    3.910000     1.2827803575e+00     0.0000000000e+00     0.0000000000e+00
    3.940000     6.8464410456e-01     0.0000000000e+00     0.0000000000e+00
    3.970000     4.1260524499e-01     0.0000000000e+00     0.0000000000e+00
    4.000000     3.6324787332e-01     0.0000000000e+00     0.0000000000e+00
    4.030000     3.7715245140e-01     0.0000000000e+00     0.0000000000e+00
    4.060000     3.6082760363e-01     0.0000000000e+00     0.0000000000e+00
    4.090000     3.1003599604e-01     0.0000000000e+00     0.0000000000e+00
    4.120000     2.7601652495e-01     0.0000000000e+00     0.0000000000e+00
    4.150000     3.1434075827e-01     0.0000000000e+00     0.0000000000e+00
    4.180000     4.3189713563e-01    -0.0000000000e+00    -0.0000000000e+00
    4.210000     5.6330811463e-01    -0.0000000000e+00    -0.0000000000e+00
    4.240000     6.1287484716e-01    -0.0000000000e+00    -0.0000000000e+00
    4.270000     5.3746060648e-01     0.0000000000e+00     0.0000000000e+00
    4.300000     3.8646109066e-01     0.0000000000e+00     0.0000000000e+00
    4.330000     2.5303892781e-01     0.0000000000e+00     0.0000000000e+00
    4.360000     1.9470534303e-01     0.0000000000e+00     0.0000000000e+00
    4.390000     2.0612409504e-01     0.0000000000e+00     0.0000000000e+00
    4.420000     2.4454029454e-01    -0.0000000000e+00    -0.0000000000e+00
    4.450000     2.6485530567e-01     0.0000000000e+00     0.0000000000e+00
    4.480000     2.4874766947e-01     0.0000000000e+00     0.0000000000e+00
    4.510000     2.1116467324e-01     0.0000000000e+00     0.0000000000e+00
    4.540000     1.7419541367e-01     0.0000000000e+00     0.0000000000e+00
    4.570000     1.4814969667e-01     0.0000000000e+00     0.0000000000e+00
    4.600000     1.4394945152e-01     0.0000000000e+00     0.0000000000e+00
    4.630000     1.8171519617e-01     0.0000000000e+00     0.0000000000e+00
    4.660000     2.7680070068e-01     0.0000000000e+00     0.0000000000e+00
    4.690000     4.2095192221e-01     0.0000000000e+00     0.0000000000e+00
    4.720000     5.7164092648e-01     0.0000000000e+00     0.0000000000e+00
    4.750000     6.6538472203e-01     0.0000000000e+00     0.0000000000e+00
    4.780000     6.5801694831e-01     0.0000000000e+00     0.0000000000e+00
    4.810000     5.5607706245e-01     0.0000000000e+00     0.0000000000e+00
    4.840000     4.1275137042e-01     0.0000000000e+00     0.0000000000e+00
    4.870000     2.9745628163e-01     0.0000000000e+00     0.0000000000e+00
    4.900000     2.5776113111e-01     0.0000000000e+00     0.0000000000e+00
    4.930000     2.9994173905e-01     0.0000000000e+00     0.0000000000e+00
    4.960000     3.9937718481e-01     0.0000000000e+00     0.0000000000e+00
    4.990000     5.1373579029e-01     0.0000000000e+00     0.0000000000e+00
    5.020000     5.8770148520e-01    -0.0000000000e+00    -0.0000000000e+00
    5.050000     5.7245745692e-01    -0.0000000000e+00    -0.0000000000e+00
    5.080000     4.5777724580e-01    -0.0000000000e+00    -0.0000000000e+00
    5.110000     2.8600645151e-01     0.0000000000e+00     0.0000000000e+00
    5.140000     1.3029913655e-01     0.0000000000e+00     0.0000000000e+00
    5.170000     4.6509064245e-02     0.0000000000e+00     0.0000000000e+00
    5.200000     3.9393511917e-02     0.0000000000e+00     0.0000000000e+00
    5.230000     7.4888164326e-02     0.0000000000e+00     0.0000000000e+00
    5.260000     1.1284228368e-01     0.0000000000e+00     0.0000000000e+00
    5.290000     1.2647856053e-01     0.0000000000e+00     0.0000000000e+00
    5.320000     1.1171432631e-01     0.0000000000e+00     0.0000000000e+00
    5.350000     8.5250332403e-02     0.0000000000e+00     0.0000000000e+00
    5.380000     6.6576080326e-02     0.0000000000e+00     0.0000000000e+00
    5.410000     6.4556544453e-02     0.0000000000e+00    -0.0000000000e+00
    5.440000     7.9113715121e-02    -0.0000000000e+00     0.0000000000e+00
    5.470000     1.0582222393e-01     0.0000000000e+00     0.0000000000e+00
    5.500000     1.3886981038e-01     0.0000000000e+00     0.0000000000e+00
    5.530000     1.7017889063e-01     0.0000000000e+00     0.0000000000e+00
    5.560000     1.8690127013e-01     0.0000000000e+00     0.0000000000e+00
    5.590000     1.8067737972e-01     0.0000000000e+00     0.0000000000e+00
    5.620000     1.5896664229e-01     0.0000000000e+00     0.0000000000e+00
    5.650000     1.3677182809e-01     0.0000000000e+00     0.0000000000e+00
    5.680000     1.2116961044e-01     0.0000000000e+00     0.0000000000e+00
    5.710000     1.0856544699e-01     0.0000000000e+00     0.0000000000e+00
    5.740000     9.2151007402e-02     0.0000000000e+00     0.0000000000e+00
    5.770000     7.3519302890e-02     0.0000000000e+00     0.0000000000e+00
    5.800000     6.5916528814e-02     0.0000000000e+00     0.0000000000e+00
    5.830000     7.9468131792e-02     0.0000000000e+00     0.0000000000e+00
    5.860000     1.0899827418e-01     0.0000000000e+00     0.0000000000e+00
    5.890000     1.3934145416e-01     0.0000000000e+00     0.0000000000e+00
    5.920000     1.5389509206e-01     0.0000000000e+00     0.0000000000e+00
    5.950000     1.4360336122e-01    -0.0000000000e+00     0.0000000000e+00
    5.980000     1.1807811921e-01    -0.0000000000e+00    -0.0000000000e+00
    6.010000     1.0104081422e-01    -0.0000000000e+00    -0.0000000000e+00
    6.040000     1.0983514259e-01    -0.0000000000e+00    -0.0000000000e+00
    6.070000     1.4132273043e-01     0.0000000000e+00     0.0000000000e+00
    6.100000     1.7336244976e-01     0.0000000000e+00     0.0000000000e+00
    6.130000     1.8154427136e-01     0.0000000000e+00     0.0000000000e+00
    6.160000     1.6071609666e-01     0.0000000000e+00     0.0000000000e+00
    6.190000     1.2647149778e-01    -0.0000000000e+00     0.0000000000e+00
    6.220000     9.6130565476e-02    -0.0000000000e+00    -0.0000000000e+00
    6.250000     7.5849263861e-02    -0.0000000000e+00    -0.0000000000e+00
    6.280000     6.3228670669e-02    -0.0000000000e+00    -0.0000000000e+00
    6.310000     5.5878880944e-02     0.0000000000e+00    -0.0000000000e+00
    6.340000     5.5329907443e-02     0.0000000000e+00     0.0000000000e+00
    6.370000     6.0914206259e-02     0.0000000000e+00     0.0000000000e+00
    6.400000     6.5865531255e-02     0.0000000000e+00     0.0000000000e+00
    6.430000     6.4878663253e-02     0.0000000000e+00     0.0000000000e+00
    6.460000     5.7699088268e-02     0.0000000000e+00     0.0000000000e+00
    6.490000     4.4464221699e-02     0.0000000000e+00    -0.0000000000e+00
