# Photoabsorption spectrum from real-time propagation
# GPAW version: 19.8.1
# Total time = 44.9700 fs, Time steps = [30.0000] as
# Kick = [0, 0, 1e-05]
# Gaussian folding, Width = 0.0600 eV = 0.002205 Hartree <=> FWHM = 0.141289 eV
#    om (eV)                  S_x                  S_y                  S_z
    1.000000     0.0000000000e+00     0.0000000000e+00    -1.6916930760e-02
    1.030000     0.0000000000e+00     0.0000000000e+00    -1.6716047809e-02
    1.060000     0.0000000000e+00     0.0000000000e+00    -1.4810532362e-02
    1.090000     0.0000000000e+00     0.0000000000e+00    -8.1767266803e-03
    1.120000     0.0000000000e+00     0.0000000000e+00     9.4068668271e-03
    1.150000     0.0000000000e+00     0.0000000000e+00     4.4521433887e-02
    1.180000     0.0000000000e+00     0.0000000000e+00     9.3760403341e-02
    1.210000     0.0000000000e+00    -0.0000000000e+00     1.3771510303e-01
    1.240000     0.0000000000e+00     0.0000000000e+00     1.5134294248e-01
    1.270000     0.0000000000e+00     0.0000000000e+00     1.2522387318e-01
    1.300000     0.0000000000e+00     0.0000000000e+00     7.5479551041e-02
    1.330000     0.0000000000e+00     0.0000000000e+00     2.8178509715e-02
    1.360000     0.0000000000e+00     0.0000000000e+00    -2.7524811110e-03
    1.390000     0.0000000000e+00     0.0000000000e+00    -1.8212323372e-02
    1.420000     0.0000000000e+00     0.0000000000e+00    -2.3870096440e-02
    1.450000     0.0000000000e+00     0.0000000000e+00    -2.3808458965e-02
    1.480000     0.0000000000e+00     0.0000000000e+00    -1.7038840835e-02
    1.510000     0.0000000000e+00     0.0000000000e+00     1.9228428755e-03
    1.540000     0.0000000000e+00     0.0000000000e+00     3.5271852173e-02
    1.570000     0.0000000000e+00     0.0000000000e+00     7.7929765242e-02
    1.600000     0.0000000000e+00    -0.0000000000e+00     1.2751029637e-01
    1.630000     0.0000000000e+00    -0.0000000000e+00     2.0392026560e-01
    1.660000     0.0000000000e+00    -0.0000000000e+00     3.5389314314e-01
    1.690000     0.0000000000e+00     0.0000000000e+00     6.0705479712e-01
    1.720000     0.0000000000e+00     0.0000000000e+00     9.0958964756e-01
    1.750000     0.0000000000e+00     0.0000000000e+00     1.1270635794e+00
    1.780000     0.0000000000e+00     0.0000000000e+00     1.1409988019e+00
    1.810000     0.0000000000e+00     0.0000000000e+00     9.4270955893e-01
    1.840000     0.0000000000e+00     0.0000000000e+00     6.3304220219e-01
    1.870000     0.0000000000e+00     0.0000000000e+00     3.4045280471e-01
    1.900000     0.0000000000e+00     0.0000000000e+00     1.3988552811e-01
    1.930000     0.0000000000e+00     0.0000000000e+00     3.7258113673e-02
    1.960000    -0.0000000000e+00     0.0000000000e+00     6.3476159380e-03
    1.990000    -0.0000000000e+00     0.0000000000e+00     2.2666284378e-02
    2.020000    -0.0000000000e+00     0.0000000000e+00     7.0761711395e-02
    2.050000    -0.0000000000e+00     0.0000000000e+00     1.3229779732e-01
    2.080000    -0.0000000000e+00     0.0000000000e+00     1.7522164006e-01
    2.110000    -0.0000000000e+00     0.0000000000e+00     1.7081659830e-01
    2.140000     0.0000000000e+00     0.0000000000e+00     1.2212211473e-01
    2.170000     0.0000000000e+00     0.0000000000e+00     5.8401494962e-02
    2.200000     0.0000000000e+00     0.0000000000e+00     6.5128719666e-03
    2.230000     0.0000000000e+00    -0.0000000000e+00    -2.1847056213e-02
    2.260000     0.0000000000e+00     0.0000000000e+00    -2.4446486583e-02
    2.290000     0.0000000000e+00     0.0000000000e+00     1.0726794249e-02
    2.320000     0.0000000000e+00     0.0000000000e+00     1.2321725150e-01
    2.350000     0.0000000000e+00     0.0000000000e+00     3.5898696705e-01
    2.380000    -0.0000000000e+00     0.0000000000e+00     7.1866451661e-01
    2.410000    -0.0000000000e+00     0.0000000000e+00     1.1329627144e+00
    2.440000    -0.0000000000e+00     0.0000000000e+00     1.5042169112e+00
    2.470000    -0.0000000000e+00     0.0000000000e+00     1.8115705499e+00
    2.500000    -0.0000000000e+00     0.0000000000e+00     2.2581169149e+00
    2.530000     0.0000000000e+00     0.0000000000e+00     3.4494079974e+00
    2.560000     0.0000000000e+00     0.0000000000e+00     6.3958367738e+00
    2.590000     0.0000000000e+00     0.0000000000e+00     1.1794512267e+01
    2.620000     0.0000000000e+00    -0.0000000000e+00     1.8727536420e+01
    2.650000     0.0000000000e+00    -0.0000000000e+00     2.4473351263e+01
    2.680000     0.0000000000e+00    -0.0000000000e+00     2.6509450073e+01
    2.710000     0.0000000000e+00     0.0000000000e+00     2.4622564751e+01
    2.740000     0.0000000000e+00     0.0000000000e+00     2.0479266198e+01
    2.770000     0.0000000000e+00    -0.0000000000e+00     1.5643962609e+01
    2.800000     0.0000000000e+00    -0.0000000000e+00     1.0846014216e+01
    2.830000     0.0000000000e+00    -0.0000000000e+00     6.6327309696e+00
    2.860000     0.0000000000e+00     0.0000000000e+00     3.6230274910e+00
    2.890000     0.0000000000e+00     0.0000000000e+00     2.0452580006e+00
    2.920000     0.0000000000e+00     0.0000000000e+00     1.5276498654e+00
    2.950000     0.0000000000e+00     0.0000000000e+00     1.4280623110e+00
    2.980000     0.0000000000e+00     0.0000000000e+00     1.2726263340e+00
    3.010000     0.0000000000e+00     0.0000000000e+00     9.5830060168e-01
    3.040000     0.0000000000e+00     0.0000000000e+00     6.3884001477e-01
    3.070000     0.0000000000e+00     0.0000000000e+00     4.6662839822e-01
    3.100000     0.0000000000e+00     0.0000000000e+00     4.4929438118e-01
    3.130000     0.0000000000e+00     0.0000000000e+00     4.8176421698e-01
    3.160000     0.0000000000e+00     0.0000000000e+00     4.5598791062e-01
    3.190000     0.0000000000e+00     0.0000000000e+00     3.4896290006e-01
    3.220000     0.0000000000e+00     0.0000000000e+00     2.2025866953e-01
    3.250000     0.0000000000e+00     0.0000000000e+00     1.4811301401e-01
    3.280000     0.0000000000e+00     0.0000000000e+00     1.9889712382e-01
    3.310000     0.0000000000e+00    -0.0000000000e+00     4.2722247474e-01
    3.340000     0.0000000000e+00    -0.0000000000e+00     8.3281406876e-01
    3.370000     0.0000000000e+00    -0.0000000000e+00     1.2923906989e+00
    3.400000     0.0000000000e+00    -0.0000000000e+00     1.5833792541e+00
    3.430000     0.0000000000e+00     0.0000000000e+00     1.5463715425e+00
    3.460000     0.0000000000e+00     0.0000000000e+00     1.2316525093e+00
    3.490000     0.0000000000e+00     0.0000000000e+00     8.4476063141e-01
    3.520000     0.0000000000e+00     0.0000000000e+00     5.7023339928e-01
    3.550000     0.0000000000e+00     0.0000000000e+00     4.8926974750e-01
    3.580000     0.0000000000e+00     0.0000000000e+00     5.9702361844e-01
    3.610000     0.0000000000e+00     0.0000000000e+00     8.0551333632e-01
    3.640000     0.0000000000e+00     0.0000000000e+00     9.6629480921e-01
    3.670000     0.0000000000e+00     0.0000000000e+00     9.8207874157e-01
    3.700000     0.0000000000e+00    -0.0000000000e+00     9.1001507072e-01
    3.730000     0.0000000000e+00    -0.0000000000e+00     9.0853096581e-01
    3.760000     0.0000000000e+00    -0.0000000000e+00     1.0565535873e+00
    3.790000     0.0000000000e+00     0.0000000000e+00     1.2580083180e+00
    3.820000    -0.0000000000e+00     0.0000000000e+00     1.3696826218e+00
    3.850000    -0.0000000000e+00     0.0000000000e+00     1.4018390890e+00
    3.880000    -0.0000000000e+00    -0.0000000000e+00     1.5278962348e+00
    3.910000     0.0000000000e+00    -0.0000000000e+00     1.8755891203e+00
    3.940000     0.0000000000e+00     0.0000000000e+00     2.3402108320e+00
    3.970000     0.0000000000e+00     0.0000000000e+00     2.6393429714e+00
    4.000000     0.0000000000e+00     0.0000000000e+00     2.5611550517e+00
    4.030000     0.0000000000e+00     0.0000000000e+00     2.1426384594e+00
    4.060000     0.0000000000e+00     0.0000000000e+00     1.6034968350e+00
    4.090000     0.0000000000e+00     0.0000000000e+00     1.1434509247e+00
    4.120000     0.0000000000e+00     0.0000000000e+00     8.2700204633e-01
    4.150000     0.0000000000e+00     0.0000000000e+00     6.3099363144e-01
    4.180000    -0.0000000000e+00     0.0000000000e+00     5.4089328471e-01
    4.210000    -0.0000000000e+00     0.0000000000e+00     5.5946889889e-01
    4.240000    -0.0000000000e+00     0.0000000000e+00     6.4252089884e-01
    4.270000    -0.0000000000e+00     0.0000000000e+00     6.9105601979e-01
    4.300000    -0.0000000000e+00     0.0000000000e+00     6.3261352748e-01
    4.330000     0.0000000000e+00     0.0000000000e+00     4.8213813433e-01
    4.360000    -0.0000000000e+00     0.0000000000e+00     3.1299990593e-01
    4.390000    -0.0000000000e+00     0.0000000000e+00     1.9008628134e-01
    4.420000    -0.0000000000e+00     0.0000000000e+00     1.3771157582e-01
    4.450000     0.0000000000e+00     0.0000000000e+00     1.5604147783e-01
    4.480000     0.0000000000e+00     0.0000000000e+00     2.4513934780e-01
    4.510000     0.0000000000e+00     0.0000000000e+00     3.9722864446e-01
    4.540000     0.0000000000e+00     0.0000000000e+00     5.7569625241e-01
    4.570000     0.0000000000e+00     0.0000000000e+00     7.2467476318e-01
    4.600000     0.0000000000e+00    -0.0000000000e+00     8.0537201109e-01
    4.630000     0.0000000000e+00    -0.0000000000e+00     8.1591853405e-01
    4.660000     0.0000000000e+00    -0.0000000000e+00     7.7300516010e-01
    4.690000     0.0000000000e+00    -0.0000000000e+00     6.8385263361e-01
    4.720000     0.0000000000e+00     0.0000000000e+00     5.5134755336e-01
    4.750000     0.0000000000e+00     0.0000000000e+00     4.0048967128e-01
    4.780000     0.0000000000e+00     0.0000000000e+00     2.7444363882e-01
    4.810000     0.0000000000e+00     0.0000000000e+00     2.0047525221e-01
    4.840000     0.0000000000e+00     0.0000000000e+00     1.7371951245e-01
    4.870000     0.0000000000e+00     0.0000000000e+00     1.7122645806e-01
    4.900000     0.0000000000e+00     0.0000000000e+00     1.7269030205e-01
    4.930000     0.0000000000e+00     0.0000000000e+00     1.7284956560e-01
    4.960000     0.0000000000e+00     0.0000000000e+00     1.8062236140e-01
    4.990000     0.0000000000e+00     0.0000000000e+00     2.0837758069e-01
    5.020000     0.0000000000e+00    -0.0000000000e+00     2.6444687754e-01
    5.050000    -0.0000000000e+00     0.0000000000e+00     3.5489276890e-01
    5.080000    -0.0000000000e+00     0.0000000000e+00     4.8626377533e-01
    5.110000    -0.0000000000e+00     0.0000000000e+00     6.5472145898e-01
    5.140000    -0.0000000000e+00     0.0000000000e+00     8.2453990366e-01
    5.170000     0.0000000000e+00     0.0000000000e+00     9.3212099534e-01
    5.200000     0.0000000000e+00     0.0000000000e+00     9.3017022177e-01
    5.230000     0.0000000000e+00     0.0000000000e+00     8.2241016830e-01
    5.260000     0.0000000000e+00    -0.0000000000e+00     6.5100467945e-01
    5.290000     0.0000000000e+00    -0.0000000000e+00     4.6602165010e-01
    5.320000    -0.0000000000e+00     0.0000000000e+00     3.0735981255e-01
    5.350000    -0.0000000000e+00     0.0000000000e+00     1.9474331748e-01
    5.380000    -0.0000000000e+00     0.0000000000e+00     1.2552708070e-01
    5.410000     0.0000000000e+00     0.0000000000e+00     8.5968001957e-02
    5.440000     0.0000000000e+00     0.0000000000e+00     6.6796739183e-02
    5.470000     0.0000000000e+00     0.0000000000e+00     6.8614053381e-02
    5.500000     0.0000000000e+00     0.0000000000e+00     9.1762494600e-02
    5.530000     0.0000000000e+00     0.0000000000e+00     1.2466938398e-01
    5.560000     0.0000000000e+00     0.0000000000e+00     1.5155482497e-01
    5.590000     0.0000000000e+00     0.0000000000e+00     1.7048034023e-01
    5.620000     0.0000000000e+00     0.0000000000e+00     1.9357820519e-01
    5.650000     0.0000000000e+00     0.0000000000e+00     2.2833059441e-01
    5.680000    -0.0000000000e+00     0.0000000000e+00     2.6252485619e-01
    5.710000    -0.0000000000e+00     0.0000000000e+00     2.7015213913e-01
    5.740000    -0.0000000000e+00     0.0000000000e+00     2.3686345020e-01
    5.770000    -0.0000000000e+00     0.0000000000e+00     1.7808981110e-01
    5.800000    -0.0000000000e+00     0.0000000000e+00     1.2607434381e-01
    5.830000    -0.0000000000e+00     0.0000000000e+00     1.0327793145e-01
    5.860000     0.0000000000e+00     0.0000000000e+00     1.1115742305e-01
    5.890000     0.0000000000e+00     0.0000000000e+00     1.3433692007e-01
    5.920000     0.0000000000e+00     0.0000000000e+00     1.5063645176e-01
    5.950000     0.0000000000e+00    -0.0000000000e+00     1.4449465243e-01
    5.980000    -0.0000000000e+00    -0.0000000000e+00     1.1673423154e-01
    6.010000    -0.0000000000e+00    -0.0000000000e+00     8.2826569177e-02
    6.040000    -0.0000000000e+00     0.0000000000e+00     6.0407073110e-02
    6.070000     0.0000000000e+00     0.0000000000e+00     5.5924940812e-02
    6.100000     0.0000000000e+00     0.0000000000e+00     6.3654720674e-02
    6.130000     0.0000000000e+00     0.0000000000e+00     7.5008021104e-02
    6.160000     0.0000000000e+00     0.0000000000e+00     8.3168391712e-02
    6.190000     0.0000000000e+00    -0.0000000000e+00     8.3108899351e-02
    6.220000     0.0000000000e+00    -0.0000000000e+00     7.5662845162e-02
    6.250000     0.0000000000e+00    -0.0000000000e+00     7.0079969267e-02
    6.280000     0.0000000000e+00     0.0000000000e+00     7.8189674476e-02
    6.310000     0.0000000000e+00     0.0000000000e+00     1.0426893727e-01
    6.340000     0.0000000000e+00     0.0000000000e+00     1.3850906065e-01
    6.370000     0.0000000000e+00     0.0000000000e+00     1.6294050545e-01
    6.400000     0.0000000000e+00     0.0000000000e+00     1.6671571669e-01
    6.430000     0.0000000000e+00     0.0000000000e+00     1.5183398728e-01
    6.460000    -0.0000000000e+00     0.0000000000e+00     1.2540737649e-01
    6.490000    -0.0000000000e+00     0.0000000000e+00     9.4281914352e-02
