# Photoabsorption spectrum from real-time propagation
# GPAW version: 19.8.1
# Total time = 44.9700 fs, Time steps = [30.0000] as
# Kick = [0, 1e-05, 0]
# Gaussian folding, Width = 0.0600 eV = 0.002205 Hartree <=> FWHM = 0.141289 eV
#    om (eV)                  S_x                  S_y                  S_z
    0.000000     0.0000000000e+00     0.0000000000e+00     0.0000000000e+00
    0.050000     0.0000000000e+00    -4.4609170931e-03    -0.0000000000e+00
    0.100000     0.0000000000e+00    -9.7199797594e-03    -0.0000000000e+00
    0.150000     0.0000000000e+00    -1.0108519597e-02    -0.0000000000e+00
    0.200000     0.0000000000e+00    -9.2088960037e-03     0.0000000000e+00
    0.250000     0.0000000000e+00    -8.7459441197e-03     0.0000000000e+00
    0.300000     0.0000000000e+00    -8.6273329649e-03     0.0000000000e+00
    0.350000     0.0000000000e+00    -8.5000019031e-03     0.0000000000e+00
    0.400000     0.0000000000e+00    -8.4762387821e-03     0.0000000000e+00
    0.450000     0.0000000000e+00    -8.4215319142e-03     0.0000000000e+00
    0.500000     0.0000000000e+00    -8.4637427713e-03     0.0000000000e+00
    0.550000     0.0000000000e+00    -8.4539180818e-03     0.0000000000e+00
    0.600000     0.0000000000e+00    -8.4499052651e-03     0.0000000000e+00
    0.650000     0.0000000000e+00    -8.5387134466e-03     0.0000000000e+00
    0.700000     0.0000000000e+00    -8.6205723898e-03     0.0000000000e+00
    0.750000     0.0000000000e+00    -8.8625286392e-03     0.0000000000e+00
    0.800000     0.0000000000e+00    -8.8735264977e-03     0.0000000000e+00
    0.850000     0.0000000000e+00    -9.0486164915e-03     0.0000000000e+00
    0.900000     0.0000000000e+00    -9.0007363121e-03     0.0000000000e+00
    0.950000     0.0000000000e+00    -9.2357248348e-03     0.0000000000e+00
    1.000000     0.0000000000e+00    -9.2731957479e-03     0.0000000000e+00
    1.050000     0.0000000000e+00    -8.3415853433e-03     0.0000000000e+00
    1.100000     0.0000000000e+00     2.6572157540e-03     0.0000000000e+00
    1.150000     0.0000000000e+00     4.9562209476e-02     0.0000000000e+00
    1.200000     0.0000000000e+00     1.3189636285e-01    -0.0000000000e+00
    1.250000     0.0000000000e+00     1.5943102581e-01     0.0000000000e+00
    1.300000     0.0000000000e+00     9.0541624562e-02     0.0000000000e+00
    1.350000     0.0000000000e+00     1.7536598125e-02     0.0000000000e+00
    1.400000     0.0000000000e+00    -1.2103073640e-02     0.0000000000e+00
    1.450000     0.0000000000e+00    -1.6255589326e-02     0.0000000000e+00
    1.500000     0.0000000000e+00     1.1923929552e-03     0.0000000000e+00
    1.550000     0.0000000000e+00     5.5295732358e-02     0.0000000000e+00
    1.600000     0.0000000000e+00     1.3147792944e-01    -0.0000000000e+00
    1.650000     0.0000000000e+00     2.9358162187e-01    -0.0000000000e+00
    1.700000     0.0000000000e+00     7.1062011326e-01     0.0000000000e+00
    1.750000     0.0000000000e+00     1.1454667923e+00     0.0000000000e+00
    1.800000     0.0000000000e+00     1.0670332388e+00     0.0000000000e+00
    1.850000     0.0000000000e+00     5.6782214067e-01     0.0000000000e+00
    1.900000     0.0000000000e+00     1.6464206046e-01     0.0000000000e+00
    1.950000     0.0000000000e+00     2.3203925572e-02     0.0000000000e+00
    2.000000    -0.0000000000e+00     3.3995306979e-02     0.0000000000e+00
    2.050000    -0.0000000000e+00     1.0705507164e-01     0.0000000000e+00
    2.100000    -0.0000000000e+00     1.4333025240e-01     0.0000000000e+00
    2.150000     0.0000000000e+00     8.5962596277e-02     0.0000000000e+00
    2.200000     0.0000000000e+00     1.5906383585e-02    -0.0000000000e+00
    2.250000     0.0000000000e+00    -5.8624609335e-03     0.0000000000e+00
    2.300000     0.0000000000e+00     6.3468607985e-02     0.0000000000e+00
    2.350000     0.0000000000e+00     3.8937970394e-01     0.0000000000e+00
    2.400000    -0.0000000000e+00     9.9851886702e-01     0.0000000000e+00
    2.450000    -0.0000000000e+00     1.5021267194e+00     0.0000000000e+00
    2.500000    -0.0000000000e+00     2.0260916998e+00     0.0000000000e+00
    2.550000     0.0000000000e+00     4.9836431937e+00     0.0000000000e+00
    2.600000     0.0000000000e+00     1.4111991814e+01    -0.0000000000e+00
    2.650000     0.0000000000e+00     2.4686010094e+01    -0.0000000000e+00
    2.700000     0.0000000000e+00     2.5684371859e+01     0.0000000000e+00
    2.750000     0.0000000000e+00     1.8875546226e+01     0.0000000000e+00
    2.800000     0.0000000000e+00     1.0872909074e+01     0.0000000000e+00
    2.850000     0.0000000000e+00     4.4921106543e+00     0.0000000000e+00
    2.900000     0.0000000000e+00     1.7953330147e+00     0.0000000000e+00
    2.950000     0.0000000000e+00     1.4387492064e+00     0.0000000000e+00
    3.000000     0.0000000000e+00     1.0765771413e+00     0.0000000000e+00
    3.050000     0.0000000000e+00     5.5698637088e-01     0.0000000000e+00
    3.100000     0.0000000000e+00     4.4697607383e-01     0.0000000000e+00
    3.150000     0.0000000000e+00     4.7607329477e-01     0.0000000000e+00
    3.200000    -0.0000000000e+00     3.0565870656e-01     0.0000000000e+00
    3.250000     0.0000000000e+00     1.4764664411e-01     0.0000000000e+00
    3.300000     0.0000000000e+00     3.2603135684e-01    -0.0000000000e+00
    3.350000     0.0000000000e+00     9.9495771149e-01    -0.0000000000e+00
    3.400000     0.0000000000e+00     1.6174158112e+00    -0.0000000000e+00
    3.450000     0.0000000000e+00     1.3933554144e+00     0.0000000000e+00
    3.500000     0.0000000000e+00     7.4385701333e-01     0.0000000000e+00
    3.550000     0.0000000000e+00     4.9065961991e-01     0.0000000000e+00
    3.600000     0.0000000000e+00     7.5189304927e-01     0.0000000000e+00
    3.650000     0.0000000000e+00     1.0240929920e+00     0.0000000000e+00
    3.700000     0.0000000000e+00     9.1215908174e-01     0.0000000000e+00
    3.750000     0.0000000000e+00     9.2053218385e-01    -0.0000000000e+00
    3.800000    -0.0000000000e+00     1.2102798003e+00     0.0000000000e+00
    3.850000    -0.0000000000e+00     1.3656580109e+00     0.0000000000e+00
    3.900000     0.0000000000e+00     1.7969003405e+00    -0.0000000000e+00
    3.950000     0.0000000000e+00     2.5849708985e+00     0.0000000000e+00
    4.000000     0.0000000000e+00     2.6506241804e+00     0.0000000000e+00
    4.050000     0.0000000000e+00     1.8068864954e+00     0.0000000000e+00
    4.100000     0.0000000000e+00     1.0049686654e+00     0.0000000000e+00
    4.150000     0.0000000000e+00     6.1568203848e-01     0.0000000000e+00
    4.200000    -0.0000000000e+00     5.2939210760e-01     0.0000000000e+00
    4.250000    -0.0000000000e+00     6.4875328304e-01     0.0000000000e+00
    4.300000    -0.0000000000e+00     6.1883186705e-01     0.0000000000e+00
    4.350000    -0.0000000000e+00     3.5813010862e-01     0.0000000000e+00
    4.400000    -0.0000000000e+00     1.5736914963e-01     0.0000000000e+00
    4.450000     0.0000000000e+00     1.5200365506e-01     0.0000000000e+00
    4.500000     0.0000000000e+00     3.3629610546e-01     0.0000000000e+00
    4.550000     0.0000000000e+00     6.1889280783e-01     0.0000000000e+00
    4.600000     0.0000000000e+00     7.9709873489e-01     0.0000000000e+00
    4.650000     0.0000000000e+00     8.0719235361e-01    -0.0000000000e+00
    4.700000     0.0000000000e+00     6.7359217749e-01     0.0000000000e+00
    4.750000     0.0000000000e+00     4.1233421887e-01     0.0000000000e+00
    4.800000     0.0000000000e+00     2.0618738230e-01     0.0000000000e+00
    4.850000     0.0000000000e+00     1.5232704752e-01     0.0000000000e+00
    4.900000     0.0000000000e+00     1.5125403511e-01     0.0000000000e+00
    4.950000     0.0000000000e+00     1.5085969648e-01     0.0000000000e+00
    5.000000     0.0000000000e+00     2.0505347881e-01     0.0000000000e+00
    5.050000    -0.0000000000e+00     3.4880370700e-01     0.0000000000e+00
    5.100000    -0.0000000000e+00     6.0050006991e-01     0.0000000000e+00
    5.150000    -0.0000000000e+00     8.8444298475e-01     0.0000000000e+00
    5.200000     0.0000000000e+00     9.2966004196e-01     0.0000000000e+00
    5.250000     0.0000000000e+00     6.9636846752e-01    -0.0000000000e+00
    5.300000     0.0000000000e+00     4.0322177516e-01    -0.0000000000e+00
    5.350000    -0.0000000000e+00     2.0646833594e-01    -0.0000000000e+00
    5.400000    -0.0000000000e+00     1.1819129831e-01     0.0000000000e+00
    5.450000     0.0000000000e+00     7.8198070855e-02     0.0000000000e+00
    5.500000     0.0000000000e+00     8.8090183550e-02     0.0000000000e+00
    5.550000     0.0000000000e+00     1.2776442007e-01     0.0000000000e+00
    5.600000     0.0000000000e+00     1.5810288426e-01     0.0000000000e+00
    5.650000     0.0000000000e+00     2.2021654972e-01     0.0000000000e+00
    5.700000    -0.0000000000e+00     2.8248043773e-01     0.0000000000e+00
    5.750000    -0.0000000000e+00     2.3847191606e-01    -0.0000000000e+00
    5.800000    -0.0000000000e+00     1.4512027918e-01    -0.0000000000e+00
    5.850000     0.0000000000e+00     1.1844271452e-01     0.0000000000e+00
    5.900000     0.0000000000e+00     1.3133991100e-01     0.0000000000e+00
    5.950000     0.0000000000e+00     1.0826524399e-01     0.0000000000e+00
    6.000000    -0.0000000000e+00     5.9697933920e-02    -0.0000000000e+00
    6.050000    -0.0000000000e+00     4.7850724090e-02     0.0000000000e+00
    6.100000     0.0000000000e+00     7.4942812891e-02     0.0000000000e+00
    6.150000     0.0000000000e+00     9.3010805312e-02     0.0000000000e+00
    6.200000     0.0000000000e+00     7.4897082705e-02     0.0000000000e+00
    6.250000     0.0000000000e+00     5.2510586870e-02    -0.0000000000e+00
    6.300000     0.0000000000e+00     8.4981515315e-02     0.0000000000e+00
    6.350000     0.0000000000e+00     1.4927233338e-01     0.0000000000e+00
    6.400000     0.0000000000e+00     1.6779212319e-01     0.0000000000e+00
    6.450000    -0.0000000000e+00     1.3327914499e-01     0.0000000000e+00
    6.500000    -0.0000000000e+00     8.5666495953e-02     0.0000000000e+00
    6.550000    -0.0000000000e+00     5.6908738158e-02     0.0000000000e+00
    6.600000    -0.0000000000e+00     6.2607001008e-02     0.0000000000e+00
    6.650000     0.0000000000e+00     7.8955704291e-02     0.0000000000e+00
    6.700000     0.0000000000e+00     7.6469728395e-02     0.0000000000e+00
    6.750000     0.0000000000e+00     6.2614532900e-02     0.0000000000e+00
    6.800000    -0.0000000000e+00     5.6210450972e-02     0.0000000000e+00
    6.850000    -0.0000000000e+00     6.4761713480e-02     0.0000000000e+00
    6.900000     0.0000000000e+00     7.3230368060e-02     0.0000000000e+00
    6.950000    -0.0000000000e+00     7.5569848142e-02     0.0000000000e+00
    7.000000    -0.0000000000e+00     9.7237798011e-02     0.0000000000e+00
    7.050000    -0.0000000000e+00     1.2544445045e-01     0.0000000000e+00
    7.100000    -0.0000000000e+00     1.2141157655e-01     0.0000000000e+00
    7.150000    -0.0000000000e+00     8.7843481353e-02    -0.0000000000e+00
    7.200000     0.0000000000e+00     5.3560761915e-02    -0.0000000000e+00
    7.250000     0.0000000000e+00     3.2912706217e-02    -0.0000000000e+00
    7.300000     0.0000000000e+00     1.9531810258e-02    -0.0000000000e+00
    7.350000     0.0000000000e+00     1.3348573001e-02     0.0000000000e+00
    7.400000     0.0000000000e+00     1.8635173973e-02     0.0000000000e+00
    7.450000    -0.0000000000e+00     2.3340906958e-02     0.0000000000e+00
    7.500000    -0.0000000000e+00     2.0308508141e-02    -0.0000000000e+00
    7.550000     0.0000000000e+00     1.9162401303e-02     0.0000000000e+00
    7.600000     0.0000000000e+00     2.3625859757e-02     0.0000000000e+00
    7.650000     0.0000000000e+00     3.0397334954e-02     0.0000000000e+00
    7.700000     0.0000000000e+00     3.1003633833e-02     0.0000000000e+00
    7.750000     0.0000000000e+00     2.2668164191e-02     0.0000000000e+00
    7.800000     0.0000000000e+00     1.3819777664e-02     0.0000000000e+00
    7.850000    -0.0000000000e+00     1.4645759410e-02     0.0000000000e+00
    7.900000    -0.0000000000e+00     2.3203727264e-02     0.0000000000e+00
    7.950000    -0.0000000000e+00     2.6637860223e-02     0.0000000000e+00
    8.000000     0.0000000000e+00     1.6117548331e-02    -0.0000000000e+00
    8.050000     0.0000000000e+00     4.2500485374e-03    -0.0000000000e+00
    8.100000     0.0000000000e+00     5.9398796545e-03     0.0000000000e+00
    8.150000     0.0000000000e+00     1.6308824439e-02     0.0000000000e+00
    8.200000     0.0000000000e+00     2.3048598260e-02     0.0000000000e+00
    8.250000    -0.0000000000e+00     2.2662103048e-02     0.0000000000e+00
    8.300000     0.0000000000e+00     2.1415954027e-02     0.0000000000e+00
    8.350000     0.0000000000e+00     1.9429129073e-02     0.0000000000e+00
    8.400000     0.0000000000e+00     1.6881697636e-02     0.0000000000e+00
    8.450000    -0.0000000000e+00     1.9407035898e-02     0.0000000000e+00
    8.500000    -0.0000000000e+00     2.4139197189e-02     0.0000000000e+00
    8.550000    -0.0000000000e+00     2.2606079996e-02     0.0000000000e+00
    8.600000    -0.0000000000e+00     1.8648099211e-02     0.0000000000e+00
    8.650000    -0.0000000000e+00     2.2223534991e-02     0.0000000000e+00
    8.700000    -0.0000000000e+00     2.9210840303e-02     0.0000000000e+00
    8.750000    -0.0000000000e+00     3.0510933688e-02     0.0000000000e+00
    8.800000    -0.0000000000e+00     2.6084447293e-02     0.0000000000e+00
    8.850000    -0.0000000000e+00     2.1638141370e-02     0.0000000000e+00
    8.900000     0.0000000000e+00     1.7477749043e-02     0.0000000000e+00
    8.950000     0.0000000000e+00     1.3973420045e-02     0.0000000000e+00
    9.000000     0.0000000000e+00     1.3877129342e-02     0.0000000000e+00
    9.050000     0.0000000000e+00     1.4200739971e-02     0.0000000000e+00
    9.100000     0.0000000000e+00     8.9763084071e-03     0.0000000000e+00
    9.150000    -0.0000000000e+00     5.1320728872e-03    -0.0000000000e+00
    9.200000    -0.0000000000e+00     1.1843966036e-02     0.0000000000e+00
    9.250000    -0.0000000000e+00     2.1386188921e-02     0.0000000000e+00
    9.300000    -0.0000000000e+00     2.5408430988e-02     0.0000000000e+00
    9.350000     0.0000000000e+00     2.2219115511e-02    -0.0000000000e+00
    9.400000    -0.0000000000e+00     1.6258078791e-02    -0.0000000000e+00
    9.450000    -0.0000000000e+00     1.1199150039e-02     0.0000000000e+00
    9.500000    -0.0000000000e+00     6.5859022949e-03     0.0000000000e+00
    9.550000     0.0000000000e+00     4.1693082917e-03     0.0000000000e+00
    9.600000     0.0000000000e+00     7.4846009912e-03     0.0000000000e+00
    9.650000     0.0000000000e+00     1.2687808893e-02     0.0000000000e+00
    9.700000     0.0000000000e+00     1.3350756410e-02     0.0000000000e+00
    9.750000     0.0000000000e+00     1.0727501135e-02     0.0000000000e+00
    9.800000     0.0000000000e+00     9.7501963169e-03     0.0000000000e+00
    9.850000     0.0000000000e+00     1.1462744477e-02     0.0000000000e+00
    9.900000     0.0000000000e+00     1.0491481501e-02     0.0000000000e+00
    9.950000     0.0000000000e+00     9.1640545212e-03     0.0000000000e+00
   10.000000     0.0000000000e+00     1.2075723410e-02     0.0000000000e+00
   10.050000    -0.0000000000e+00     1.6647885993e-02     0.0000000000e+00
   10.100000    -0.0000000000e+00     1.7591382105e-02     0.0000000000e+00
   10.150000    -0.0000000000e+00     1.5765960924e-02     0.0000000000e+00
   10.200000    -0.0000000000e+00     1.1972944222e-02     0.0000000000e+00
   10.250000    -0.0000000000e+00     6.9838412185e-03     0.0000000000e+00
   10.300000    -0.0000000000e+00     5.1568190281e-03     0.0000000000e+00
   10.350000    -0.0000000000e+00     6.9348312660e-03    -0.0000000000e+00
   10.400000    -0.0000000000e+00     8.9856391360e-03     0.0000000000e+00
   10.450000     0.0000000000e+00     9.2758515109e-03     0.0000000000e+00
   10.500000     0.0000000000e+00     9.3400777878e-03     0.0000000000e+00
   10.550000    -0.0000000000e+00     8.8343560346e-03     0.0000000000e+00
   10.600000    -0.0000000000e+00     8.1423463253e-03     0.0000000000e+00
   10.650000    -0.0000000000e+00     8.3715421612e-03     0.0000000000e+00
   10.700000    -0.0000000000e+00     1.1019954206e-02    -0.0000000000e+00
   10.750000    -0.0000000000e+00     1.4105746180e-02     0.0000000000e+00
   10.800000    -0.0000000000e+00     1.3975777406e-02     0.0000000000e+00
   10.850000    -0.0000000000e+00     1.1996101788e-02     0.0000000000e+00
   10.900000     0.0000000000e+00     1.2042263160e-02     0.0000000000e+00
   10.950000    -0.0000000000e+00     1.4410444204e-02     0.0000000000e+00
   11.000000    -0.0000000000e+00     1.5330885131e-02     0.0000000000e+00
   11.050000    -0.0000000000e+00     1.2513128607e-02     0.0000000000e+00
   11.100000    -0.0000000000e+00     7.4214274958e-03     0.0000000000e+00
   11.150000    -0.0000000000e+00     5.5862777312e-03     0.0000000000e+00
   11.200000    -0.0000000000e+00     6.3643483148e-03     0.0000000000e+00
   11.250000    -0.0000000000e+00     8.3462503918e-03    -0.0000000000e+00
   11.300000    -0.0000000000e+00     1.2428172868e-02    -0.0000000000e+00
   11.350000    -0.0000000000e+00     1.6984010531e-02     0.0000000000e+00
   11.400000    -0.0000000000e+00     1.9305848479e-02     0.0000000000e+00
   11.450000    -0.0000000000e+00     1.8570962958e-02     0.0000000000e+00
   11.500000    -0.0000000000e+00     1.5782940331e-02     0.0000000000e+00
   11.550000    -0.0000000000e+00     1.3188567111e-02     0.0000000000e+00
   11.600000    -0.0000000000e+00     1.4433067359e-02    -0.0000000000e+00
   11.650000    -0.0000000000e+00     1.7118370997e-02    -0.0000000000e+00
   11.700000     0.0000000000e+00     1.7523579603e-02     0.0000000000e+00
   11.750000    -0.0000000000e+00     1.6119587115e-02     0.0000000000e+00
   11.800000    -0.0000000000e+00     1.4487405454e-02     0.0000000000e+00
   11.850000     0.0000000000e+00     1.1701986158e-02     0.0000000000e+00
   11.900000     0.0000000000e+00     9.1708565743e-03     0.0000000000e+00
   11.950000     0.0000000000e+00     8.4291937985e-03     0.0000000000e+00
   12.000000     0.0000000000e+00     8.5122630357e-03     0.0000000000e+00
   12.050000     0.0000000000e+00     9.3283647456e-03     0.0000000000e+00
   12.100000     0.0000000000e+00     1.0347808987e-02     0.0000000000e+00
   12.150000     0.0000000000e+00     1.1453330873e-02    -0.0000000000e+00
   12.200000     0.0000000000e+00     1.2693416111e-02     0.0000000000e+00
   12.250000     0.0000000000e+00     1.7180342886e-02     0.0000000000e+00
   12.300000     0.0000000000e+00     2.4175783351e-02     0.0000000000e+00
   12.350000     0.0000000000e+00     2.8725798769e-02     0.0000000000e+00
   12.400000    -0.0000000000e+00     2.7869933258e-02     0.0000000000e+00
   12.450000    -0.0000000000e+00     2.4023730712e-02     0.0000000000e+00
   12.500000     0.0000000000e+00     1.9653047970e-02     0.0000000000e+00
   12.550000     0.0000000000e+00     1.5197057611e-02     0.0000000000e+00
   12.600000     0.0000000000e+00     1.1651139993e-02     0.0000000000e+00
   12.650000     0.0000000000e+00     9.0880629840e-03     0.0000000000e+00
   12.700000     0.0000000000e+00     8.5914969010e-03     0.0000000000e+00
   12.750000    -0.0000000000e+00     1.0024464646e-02     0.0000000000e+00
   12.800000     0.0000000000e+00     1.3125106764e-02    -0.0000000000e+00
   12.850000     0.0000000000e+00     1.5655024972e-02    -0.0000000000e+00
   12.900000     0.0000000000e+00     1.6555582019e-02     0.0000000000e+00
   12.950000     0.0000000000e+00     1.5534733816e-02     0.0000000000e+00
   13.000000     0.0000000000e+00     1.4081088537e-02     0.0000000000e+00
   13.050000    -0.0000000000e+00     1.3613099880e-02     0.0000000000e+00
   13.100000    -0.0000000000e+00     1.3214629581e-02     0.0000000000e+00
   13.150000     0.0000000000e+00     1.2817421090e-02     0.0000000000e+00
   13.200000     0.0000000000e+00     1.2234442527e-02     0.0000000000e+00
   13.250000     0.0000000000e+00     1.1900407758e-02     0.0000000000e+00
   13.300000    -0.0000000000e+00     1.1434549414e-02     0.0000000000e+00
   13.350000    -0.0000000000e+00     1.1646151645e-02     0.0000000000e+00
   13.400000    -0.0000000000e+00     1.2171413887e-02     0.0000000000e+00
   13.450000    -0.0000000000e+00     1.2447141018e-02     0.0000000000e+00
   13.500000     0.0000000000e+00     1.2208014706e-02     0.0000000000e+00
   13.550000    -0.0000000000e+00     1.2411076722e-02     0.0000000000e+00
   13.600000    -0.0000000000e+00     1.2463621423e-02     0.0000000000e+00
   13.650000    -0.0000000000e+00     1.1921542811e-02     0.0000000000e+00
   13.700000    -0.0000000000e+00     1.2022244921e-02     0.0000000000e+00
   13.750000    -0.0000000000e+00     1.2467415131e-02     0.0000000000e+00
   13.800000    -0.0000000000e+00     1.2973646892e-02     0.0000000000e+00
   13.850000     0.0000000000e+00     1.4104018216e-02     0.0000000000e+00
   13.900000     0.0000000000e+00     1.8026092548e-02     0.0000000000e+00
   13.950000     0.0000000000e+00     2.3438235489e-02     0.0000000000e+00
   14.000000    -0.0000000000e+00     2.5948372292e-02     0.0000000000e+00
   14.050000    -0.0000000000e+00     2.2594472931e-02    -0.0000000000e+00
   14.100000    -0.0000000000e+00     1.6584738950e-02    -0.0000000000e+00
   14.150000    -0.0000000000e+00     1.2128718965e-02     0.0000000000e+00
   14.200000    -0.0000000000e+00     1.0246771934e-02     0.0000000000e+00
   14.250000    -0.0000000000e+00     1.0106411121e-02     0.0000000000e+00
   14.300000    -0.0000000000e+00     1.0669906561e-02     0.0000000000e+00
   14.350000    -0.0000000000e+00     1.1983001843e-02     0.0000000000e+00
   14.400000    -0.0000000000e+00     1.3589311796e-02     0.0000000000e+00
   14.450000     0.0000000000e+00     1.5094581011e-02     0.0000000000e+00
   14.500000     0.0000000000e+00     1.6134820341e-02     0.0000000000e+00
   14.550000     0.0000000000e+00     1.9169146787e-02     0.0000000000e+00
   14.600000     0.0000000000e+00     2.1696904442e-02    -0.0000000000e+00
   14.650000     0.0000000000e+00     2.0562978972e-02     0.0000000000e+00
   14.700000     0.0000000000e+00     1.7311687998e-02     0.0000000000e+00
   14.750000     0.0000000000e+00     1.3975741161e-02     0.0000000000e+00
   14.800000     0.0000000000e+00     1.1053494952e-02     0.0000000000e+00
   14.850000     0.0000000000e+00     8.8778110873e-03     0.0000000000e+00
   14.900000    -0.0000000000e+00     9.0610490734e-03     0.0000000000e+00
   14.950000    -0.0000000000e+00     1.0664153381e-02     0.0000000000e+00
   15.000000     0.0000000000e+00     1.3999601021e-02     0.0000000000e+00
   15.050000     0.0000000000e+00     1.7983176726e-02     0.0000000000e+00
   15.100000     0.0000000000e+00     2.0085710542e-02     0.0000000000e+00
   15.150000     0.0000000000e+00     1.9764017714e-02     0.0000000000e+00
   15.200000     0.0000000000e+00     1.8282507850e-02     0.0000000000e+00
   15.250000    -0.0000000000e+00     1.5483118366e-02     0.0000000000e+00
   15.300000    -0.0000000000e+00     1.2213364911e-02     0.0000000000e+00
   15.350000    -0.0000000000e+00     1.0257084753e-02     0.0000000000e+00
   15.400000     0.0000000000e+00     1.0565935927e-02     0.0000000000e+00
   15.450000     0.0000000000e+00     1.2943045284e-02     0.0000000000e+00
   15.500000    -0.0000000000e+00     1.5015825842e-02     0.0000000000e+00
   15.550000    -0.0000000000e+00     1.5768456285e-02     0.0000000000e+00
   15.600000    -0.0000000000e+00     1.5596723615e-02     0.0000000000e+00
   15.650000     0.0000000000e+00     1.5383415126e-02     0.0000000000e+00
   15.700000     0.0000000000e+00     1.4961681137e-02    -0.0000000000e+00
   15.750000     0.0000000000e+00     1.4941030281e-02    -0.0000000000e+00
   15.800000     0.0000000000e+00     1.3569608415e-02     0.0000000000e+00
   15.850000     0.0000000000e+00     1.1369134104e-02     0.0000000000e+00
   15.900000    -0.0000000000e+00     1.0989324240e-02     0.0000000000e+00
   15.950000    -0.0000000000e+00     1.2738229244e-02     0.0000000000e+00
   16.000000     0.0000000000e+00     1.6040856154e-02     0.0000000000e+00
   16.050000     0.0000000000e+00     1.8547048768e-02     0.0000000000e+00
   16.100000     0.0000000000e+00     1.9143304582e-02     0.0000000000e+00
   16.150000     0.0000000000e+00     1.8474915631e-02     0.0000000000e+00
   16.200000     0.0000000000e+00     1.7750657714e-02    -0.0000000000e+00
   16.250000     0.0000000000e+00     1.6791435887e-02     0.0000000000e+00
   16.300000     0.0000000000e+00     1.6940006838e-02     0.0000000000e+00
   16.350000     0.0000000000e+00     1.7163998796e-02     0.0000000000e+00
   16.400000     0.0000000000e+00     1.6101198413e-02     0.0000000000e+00
   16.450000     0.0000000000e+00     1.5652332422e-02     0.0000000000e+00
   16.500000     0.0000000000e+00     1.5534744086e-02     0.0000000000e+00
   16.550000    -0.0000000000e+00     1.4633487635e-02     0.0000000000e+00
   16.600000    -0.0000000000e+00     1.4143833050e-02     0.0000000000e+00
   16.650000     0.0000000000e+00     1.5276398611e-02     0.0000000000e+00
   16.700000     0.0000000000e+00     1.6367695245e-02     0.0000000000e+00
   16.750000     0.0000000000e+00     1.6871208057e-02     0.0000000000e+00
   16.800000     0.0000000000e+00     1.6912775494e-02     0.0000000000e+00
   16.850000     0.0000000000e+00     1.6707768605e-02     0.0000000000e+00
   16.900000     0.0000000000e+00     1.6464896506e-02     0.0000000000e+00
   16.950000     0.0000000000e+00     1.8807716678e-02    -0.0000000000e+00
   17.000000    -0.0000000000e+00     2.1308021099e-02    -0.0000000000e+00
   17.050000    -0.0000000000e+00     1.9404705303e-02     0.0000000000e+00
   17.100000    -0.0000000000e+00     1.6501243820e-02     0.0000000000e+00
   17.150000    -0.0000000000e+00     1.6390918181e-02     0.0000000000e+00
   17.200000    -0.0000000000e+00     1.8243730278e-02    -0.0000000000e+00
   17.250000    -0.0000000000e+00     1.9257917348e-02    -0.0000000000e+00
   17.300000     0.0000000000e+00     1.9181013327e-02    -0.0000000000e+00
   17.350000     0.0000000000e+00     1.8892753870e-02     0.0000000000e+00
   17.400000     0.0000000000e+00     1.8918164273e-02     0.0000000000e+00
   17.450000     0.0000000000e+00     1.6960233189e-02     0.0000000000e+00
   17.500000     0.0000000000e+00     1.3358626795e-02     0.0000000000e+00
   17.550000    -0.0000000000e+00     1.0348707471e-02     0.0000000000e+00
   17.600000    -0.0000000000e+00     9.6102166596e-03     0.0000000000e+00
   17.650000    -0.0000000000e+00     1.0614345640e-02     0.0000000000e+00
   17.700000    -0.0000000000e+00     1.1493331962e-02     0.0000000000e+00
   17.750000    -0.0000000000e+00     1.3502028365e-02     0.0000000000e+00
   17.800000    -0.0000000000e+00     1.5665497590e-02     0.0000000000e+00
   17.850000     0.0000000000e+00     1.6378592458e-02     0.0000000000e+00
   17.900000    -0.0000000000e+00     1.5377108498e-02     0.0000000000e+00
   17.950000    -0.0000000000e+00     1.4296041224e-02     0.0000000000e+00
   18.000000    -0.0000000000e+00     1.3972159971e-02     0.0000000000e+00
   18.050000    -0.0000000000e+00     1.4666949207e-02     0.0000000000e+00
   18.100000    -0.0000000000e+00     1.3730445087e-02     0.0000000000e+00
   18.150000    -0.0000000000e+00     1.0852386397e-02     0.0000000000e+00
   18.200000    -0.0000000000e+00     9.8507655619e-03     0.0000000000e+00
   18.250000    -0.0000000000e+00     1.0966454288e-02     0.0000000000e+00
   18.300000    -0.0000000000e+00     1.2182885339e-02     0.0000000000e+00
   18.350000    -0.0000000000e+00     1.2387985882e-02    -0.0000000000e+00
   18.400000    -0.0000000000e+00     1.1869736229e-02     0.0000000000e+00
   18.450000    -0.0000000000e+00     1.0775852983e-02     0.0000000000e+00
   18.500000    -0.0000000000e+00     1.0859615569e-02     0.0000000000e+00
   18.550000    -0.0000000000e+00     1.1264808592e-02     0.0000000000e+00
   18.600000     0.0000000000e+00     1.0302046966e-02     0.0000000000e+00
   18.650000     0.0000000000e+00     9.0187683009e-03     0.0000000000e+00
   18.700000     0.0000000000e+00     9.6502220557e-03     0.0000000000e+00
   18.750000     0.0000000000e+00     1.0891112132e-02     0.0000000000e+00
   18.800000     0.0000000000e+00     1.1885516552e-02     0.0000000000e+00
   18.850000     0.0000000000e+00     1.5105509804e-02     0.0000000000e+00
   18.900000     0.0000000000e+00     1.8397059975e-02     0.0000000000e+00
   18.950000     0.0000000000e+00     1.9271735820e-02    -0.0000000000e+00
   19.000000     0.0000000000e+00     1.8175687248e-02     0.0000000000e+00
   19.050000     0.0000000000e+00     1.6037053370e-02     0.0000000000e+00
   19.100000     0.0000000000e+00     1.2806932545e-02     0.0000000000e+00
   19.150000     0.0000000000e+00     1.0283664325e-02     0.0000000000e+00
   19.200000    -0.0000000000e+00     9.8444644846e-03     0.0000000000e+00
   19.250000    -0.0000000000e+00     1.1500315332e-02     0.0000000000e+00
   19.300000    -0.0000000000e+00     1.3188895124e-02     0.0000000000e+00
   19.350000    -0.0000000000e+00     1.3127360868e-02     0.0000000000e+00
   19.400000     0.0000000000e+00     1.2909317102e-02     0.0000000000e+00
   19.450000    -0.0000000000e+00     1.3505178084e-02     0.0000000000e+00
   19.500000    -0.0000000000e+00     1.4305021012e-02     0.0000000000e+00
   19.550000    -0.0000000000e+00     1.3725160478e-02     0.0000000000e+00
   19.600000    -0.0000000000e+00     1.2483904807e-02     0.0000000000e+00
   19.650000     0.0000000000e+00     1.0666141076e-02     0.0000000000e+00
   19.700000     0.0000000000e+00     1.0056330371e-02     0.0000000000e+00
   19.750000     0.0000000000e+00     1.2062523809e-02    -0.0000000000e+00
   19.800000     0.0000000000e+00     1.4652738792e-02    -0.0000000000e+00
   19.850000     0.0000000000e+00     1.4300851912e-02    -0.0000000000e+00
   19.900000     0.0000000000e+00     1.1712463587e-02     0.0000000000e+00
   19.950000     0.0000000000e+00     1.1240256273e-02     0.0000000000e+00
   20.000000     0.0000000000e+00     1.2796709190e-02     0.0000000000e+00
   20.050000    -0.0000000000e+00     1.4805300631e-02    -0.0000000000e+00
   20.100000    -0.0000000000e+00     1.7468918122e-02    -0.0000000000e+00
   20.150000    -0.0000000000e+00     2.1084875757e-02    -0.0000000000e+00
   20.200000     0.0000000000e+00     2.1643573556e-02    -0.0000000000e+00
   20.250000     0.0000000000e+00     1.8949152423e-02     0.0000000000e+00
   20.300000    -0.0000000000e+00     1.7860131332e-02     0.0000000000e+00
   20.350000    -0.0000000000e+00     1.9287849100e-02     0.0000000000e+00
   20.400000    -0.0000000000e+00     1.9854538427e-02     0.0000000000e+00
   20.450000     0.0000000000e+00     1.8766094234e-02     0.0000000000e+00
   20.500000     0.0000000000e+00     1.7588503193e-02     0.0000000000e+00
   20.550000     0.0000000000e+00     1.6146019661e-02     0.0000000000e+00
   20.600000     0.0000000000e+00     1.5144766353e-02     0.0000000000e+00
   20.650000     0.0000000000e+00     1.5295446397e-02     0.0000000000e+00
   20.700000     0.0000000000e+00     1.5811579758e-02     0.0000000000e+00
   20.750000     0.0000000000e+00     1.4939604146e-02     0.0000000000e+00
   20.800000    -0.0000000000e+00     1.3747248643e-02     0.0000000000e+00
   20.850000     0.0000000000e+00     1.2126143347e-02     0.0000000000e+00
   20.900000     0.0000000000e+00     1.0333909238e-02     0.0000000000e+00
   20.950000     0.0000000000e+00     9.7500176378e-03     0.0000000000e+00
   21.000000     0.0000000000e+00     1.0910626782e-02    -0.0000000000e+00
   21.050000     0.0000000000e+00     1.2824210519e-02    -0.0000000000e+00
   21.100000     0.0000000000e+00     1.3572809491e-02     0.0000000000e+00
   21.150000     0.0000000000e+00     1.3476215453e-02     0.0000000000e+00
   21.200000     0.0000000000e+00     1.2883518640e-02     0.0000000000e+00
   21.250000     0.0000000000e+00     1.3085584550e-02     0.0000000000e+00
   21.300000     0.0000000000e+00     1.3879915204e-02     0.0000000000e+00
   21.350000     0.0000000000e+00     1.4365712382e-02     0.0000000000e+00
   21.400000    -0.0000000000e+00     1.4143026550e-02     0.0000000000e+00
   21.450000    -0.0000000000e+00     1.4427990532e-02     0.0000000000e+00
   21.500000    -0.0000000000e+00     1.5397866765e-02     0.0000000000e+00
   21.550000    -0.0000000000e+00     1.5398831880e-02     0.0000000000e+00
   21.600000    -0.0000000000e+00     1.3843930329e-02     0.0000000000e+00
   21.650000    -0.0000000000e+00     1.2530805252e-02     0.0000000000e+00
   21.700000    -0.0000000000e+00     1.2974511773e-02     0.0000000000e+00
   21.750000    -0.0000000000e+00     1.4575105049e-02     0.0000000000e+00
   21.800000    -0.0000000000e+00     1.7750495221e-02     0.0000000000e+00
   21.850000     0.0000000000e+00     1.9679272805e-02     0.0000000000e+00
   21.900000     0.0000000000e+00     1.7697385008e-02     0.0000000000e+00
   21.950000     0.0000000000e+00     1.4646073218e-02     0.0000000000e+00
   22.000000     0.0000000000e+00     1.3561224334e-02    -0.0000000000e+00
   22.050000     0.0000000000e+00     1.2370350241e-02    -0.0000000000e+00
   22.100000    -0.0000000000e+00     1.1120425174e-02     0.0000000000e+00
   22.150000    -0.0000000000e+00     1.0811392577e-02     0.0000000000e+00
   22.200000     0.0000000000e+00     1.0708683335e-02     0.0000000000e+00
   22.250000     0.0000000000e+00     1.1341433765e-02     0.0000000000e+00
   22.300000     0.0000000000e+00     1.1606481977e-02     0.0000000000e+00
   22.350000     0.0000000000e+00     1.0593707340e-02     0.0000000000e+00
   22.400000     0.0000000000e+00     8.5884026697e-03     0.0000000000e+00
   22.450000     0.0000000000e+00     7.7435269779e-03     0.0000000000e+00
   22.500000     0.0000000000e+00     8.5068039308e-03     0.0000000000e+00
   22.550000     0.0000000000e+00     1.0177597783e-02     0.0000000000e+00
   22.600000     0.0000000000e+00     1.1640284985e-02     0.0000000000e+00
   22.650000     0.0000000000e+00     1.2103361958e-02     0.0000000000e+00
   22.700000    -0.0000000000e+00     1.1039061474e-02     0.0000000000e+00
   22.750000    -0.0000000000e+00     9.2556320743e-03     0.0000000000e+00
   22.800000     0.0000000000e+00     8.4977756052e-03     0.0000000000e+00
   22.850000     0.0000000000e+00     8.5364813618e-03     0.0000000000e+00
   22.900000     0.0000000000e+00     9.4345429951e-03     0.0000000000e+00
   22.950000     0.0000000000e+00     1.0547223048e-02     0.0000000000e+00
   23.000000     0.0000000000e+00     1.1561158694e-02    -0.0000000000e+00
   23.050000     0.0000000000e+00     1.1975403762e-02    -0.0000000000e+00
   23.100000     0.0000000000e+00     1.2839620823e-02    -0.0000000000e+00
   23.150000     0.0000000000e+00     1.3648434224e-02    -0.0000000000e+00
   23.200000     0.0000000000e+00     1.3075452833e-02     0.0000000000e+00
   23.250000     0.0000000000e+00     1.1423200463e-02    -0.0000000000e+00
   23.300000    -0.0000000000e+00     1.0014720728e-02    -0.0000000000e+00
   23.350000    -0.0000000000e+00     9.9633515819e-03    -0.0000000000e+00
   23.400000    -0.0000000000e+00     1.1353069820e-02    -0.0000000000e+00
   23.450000    -0.0000000000e+00     1.4953360869e-02    -0.0000000000e+00
   23.500000    -0.0000000000e+00     1.9021417536e-02    -0.0000000000e+00
   23.550000     0.0000000000e+00     2.0775515193e-02     0.0000000000e+00
   23.600000     0.0000000000e+00     1.8597669672e-02     0.0000000000e+00
   23.650000     0.0000000000e+00     1.5618517484e-02     0.0000000000e+00
   23.700000     0.0000000000e+00     1.4174642689e-02     0.0000000000e+00
   23.750000     0.0000000000e+00     1.3427430583e-02     0.0000000000e+00
   23.800000     0.0000000000e+00     1.2153048389e-02     0.0000000000e+00
   23.850000     0.0000000000e+00     1.1075894011e-02     0.0000000000e+00
   23.900000     0.0000000000e+00     1.1561225329e-02     0.0000000000e+00
   23.950000     0.0000000000e+00     1.2852570514e-02     0.0000000000e+00
   24.000000     0.0000000000e+00     1.4140086352e-02     0.0000000000e+00
   24.050000     0.0000000000e+00     1.4779720717e-02     0.0000000000e+00
   24.100000     0.0000000000e+00     1.5448141532e-02     0.0000000000e+00
   24.150000     0.0000000000e+00     1.5043952360e-02     0.0000000000e+00
   24.200000     0.0000000000e+00     1.3392422462e-02     0.0000000000e+00
   24.250000    -0.0000000000e+00     1.1038635028e-02     0.0000000000e+00
   24.300000     0.0000000000e+00     9.2917864337e-03     0.0000000000e+00
   24.350000     0.0000000000e+00     8.5881581190e-03     0.0000000000e+00
   24.400000     0.0000000000e+00     8.6574129309e-03     0.0000000000e+00
   24.450000     0.0000000000e+00     9.7839660019e-03     0.0000000000e+00
   24.500000     0.0000000000e+00     1.1225823125e-02     0.0000000000e+00
   24.550000     0.0000000000e+00     1.2290500989e-02     0.0000000000e+00
   24.600000     0.0000000000e+00     1.2320842657e-02     0.0000000000e+00
   24.650000     0.0000000000e+00     1.2371118381e-02     0.0000000000e+00
   24.700000     0.0000000000e+00     1.2733331857e-02     0.0000000000e+00
   24.750000     0.0000000000e+00     1.2740435051e-02     0.0000000000e+00
   24.800000     0.0000000000e+00     1.1135903783e-02     0.0000000000e+00
   24.850000     0.0000000000e+00     9.3541601970e-03     0.0000000000e+00
   24.900000     0.0000000000e+00     8.6941932984e-03     0.0000000000e+00
   24.950000     0.0000000000e+00     9.0595077913e-03     0.0000000000e+00
   25.000000     0.0000000000e+00     1.0096037535e-02    -0.0000000000e+00
   25.050000     0.0000000000e+00     1.0957560095e-02    -0.0000000000e+00
   25.100000     0.0000000000e+00     1.1170633757e-02     0.0000000000e+00
   25.150000     0.0000000000e+00     1.0317116897e-02     0.0000000000e+00
   25.200000    -0.0000000000e+00     9.4943284522e-03     0.0000000000e+00
   25.250000    -0.0000000000e+00     8.7174617109e-03     0.0000000000e+00
   25.300000    -0.0000000000e+00     8.6150799532e-03     0.0000000000e+00
   25.350000     0.0000000000e+00     9.1952467401e-03     0.0000000000e+00
   25.400000     0.0000000000e+00     9.8359232170e-03     0.0000000000e+00
   25.450000     0.0000000000e+00     9.6192603026e-03     0.0000000000e+00
   25.500000     0.0000000000e+00     9.4993598088e-03     0.0000000000e+00
   25.550000     0.0000000000e+00     9.7849720914e-03     0.0000000000e+00
   25.600000     0.0000000000e+00     9.5340822683e-03     0.0000000000e+00
   25.650000     0.0000000000e+00     9.8945988683e-03     0.0000000000e+00
   25.700000     0.0000000000e+00     1.1185688660e-02     0.0000000000e+00
   25.750000     0.0000000000e+00     1.1959112552e-02     0.0000000000e+00
   25.800000     0.0000000000e+00     1.0488998719e-02     0.0000000000e+00
   25.850000     0.0000000000e+00     9.2848317912e-03     0.0000000000e+00
   25.900000     0.0000000000e+00     9.7443367824e-03     0.0000000000e+00
   25.950000     0.0000000000e+00     1.0652323576e-02     0.0000000000e+00
   26.000000     0.0000000000e+00     1.0781712883e-02     0.0000000000e+00
   26.050000     0.0000000000e+00     1.2230493834e-02     0.0000000000e+00
   26.100000     0.0000000000e+00     1.5956432164e-02     0.0000000000e+00
   26.150000     0.0000000000e+00     1.8919125402e-02    -0.0000000000e+00
   26.200000     0.0000000000e+00     1.9220465139e-02    -0.0000000000e+00
   26.250000     0.0000000000e+00     1.8719492695e-02    -0.0000000000e+00
   26.300000     0.0000000000e+00     1.7615597472e-02     0.0000000000e+00
   26.350000    -0.0000000000e+00     1.3911201481e-02     0.0000000000e+00
   26.400000    -0.0000000000e+00     1.0946278093e-02     0.0000000000e+00
   26.450000    -0.0000000000e+00     9.9933647276e-03    -0.0000000000e+00
   26.500000     0.0000000000e+00     9.6818735270e-03    -0.0000000000e+00
   26.550000     0.0000000000e+00     9.0572408155e-03     0.0000000000e+00
   26.600000    -0.0000000000e+00     8.9755528044e-03     0.0000000000e+00
   26.650000    -0.0000000000e+00     1.0491223305e-02     0.0000000000e+00
   26.700000     0.0000000000e+00     1.3283230562e-02    -0.0000000000e+00
   26.750000    -0.0000000000e+00     1.6602194270e-02    -0.0000000000e+00
   26.800000    -0.0000000000e+00     1.9694517567e-02    -0.0000000000e+00
   26.850000    -0.0000000000e+00     2.0817944677e-02    -0.0000000000e+00
   26.900000     0.0000000000e+00     1.7721192240e-02     0.0000000000e+00
   26.950000     0.0000000000e+00     1.3577298468e-02     0.0000000000e+00
   27.000000     0.0000000000e+00     1.1738117889e-02     0.0000000000e+00
   27.050000     0.0000000000e+00     1.2149812388e-02     0.0000000000e+00
   27.100000     0.0000000000e+00     1.2195869052e-02     0.0000000000e+00
   27.150000    -0.0000000000e+00     1.1801522263e-02     0.0000000000e+00
   27.200000    -0.0000000000e+00     1.1955476101e-02     0.0000000000e+00
   27.250000     0.0000000000e+00     1.1758113223e-02     0.0000000000e+00
   27.300000     0.0000000000e+00     1.0349979985e-02     0.0000000000e+00
   27.350000     0.0000000000e+00     8.5472387085e-03     0.0000000000e+00
   27.400000     0.0000000000e+00     8.0142325545e-03     0.0000000000e+00
   27.450000     0.0000000000e+00     8.0674507207e-03     0.0000000000e+00
   27.500000     0.0000000000e+00     8.3083696896e-03     0.0000000000e+00
   27.550000     0.0000000000e+00     8.7155167612e-03    -0.0000000000e+00
   27.600000     0.0000000000e+00     1.0299295465e-02    -0.0000000000e+00
   27.650000     0.0000000000e+00     1.1866402757e-02    -0.0000000000e+00
   27.700000     0.0000000000e+00     1.1450947897e-02     0.0000000000e+00
   27.750000     0.0000000000e+00     9.5805950126e-03     0.0000000000e+00
   27.800000     0.0000000000e+00     8.9709504161e-03     0.0000000000e+00
   27.850000     0.0000000000e+00     9.3938169872e-03     0.0000000000e+00
   27.900000     0.0000000000e+00     8.6359420703e-03     0.0000000000e+00
   27.950000     0.0000000000e+00     7.9732541792e-03     0.0000000000e+00
   28.000000    -0.0000000000e+00     8.8533766736e-03     0.0000000000e+00
   28.050000    -0.0000000000e+00     1.0655312923e-02     0.0000000000e+00
   28.100000    -0.0000000000e+00     1.0780806282e-02     0.0000000000e+00
   28.150000    -0.0000000000e+00     9.3194926242e-03     0.0000000000e+00
   28.200000    -0.0000000000e+00     7.4372339411e-03     0.0000000000e+00
   28.250000    -0.0000000000e+00     6.4690929739e-03     0.0000000000e+00
   28.300000     0.0000000000e+00     6.7649316353e-03     0.0000000000e+00
   28.350000     0.0000000000e+00     8.5888718177e-03     0.0000000000e+00
   28.400000     0.0000000000e+00     1.1251559428e-02     0.0000000000e+00
   28.450000     0.0000000000e+00     1.2252003223e-02     0.0000000000e+00
   28.500000     0.0000000000e+00     1.1373102982e-02     0.0000000000e+00
   28.550000     0.0000000000e+00     1.0087687186e-02    -0.0000000000e+00
   28.600000     0.0000000000e+00     9.7617321879e-03     0.0000000000e+00
   28.650000     0.0000000000e+00     9.8811037525e-03     0.0000000000e+00
   28.700000     0.0000000000e+00     1.0572204883e-02     0.0000000000e+00
   28.750000     0.0000000000e+00     1.1251450881e-02     0.0000000000e+00
   28.800000     0.0000000000e+00     1.1226450982e-02     0.0000000000e+00
   28.850000     0.0000000000e+00     1.0084674260e-02     0.0000000000e+00
   28.900000     0.0000000000e+00     9.1435246635e-03     0.0000000000e+00
   28.950000     0.0000000000e+00     8.9928894986e-03     0.0000000000e+00
   29.000000     0.0000000000e+00     8.6539416106e-03     0.0000000000e+00
   29.050000     0.0000000000e+00     8.2317953016e-03     0.0000000000e+00
   29.100000     0.0000000000e+00     7.6479866277e-03     0.0000000000e+00
   29.150000     0.0000000000e+00     7.4609585856e-03     0.0000000000e+00
   29.200000     0.0000000000e+00     8.1112529911e-03     0.0000000000e+00
   29.250000     0.0000000000e+00     1.0324701630e-02     0.0000000000e+00
   29.300000     0.0000000000e+00     1.2121035509e-02     0.0000000000e+00
   29.350000     0.0000000000e+00     1.2006062005e-02     0.0000000000e+00
   29.400000     0.0000000000e+00     1.0033569713e-02    -0.0000000000e+00
   29.450000     0.0000000000e+00     8.3529726036e-03    -0.0000000000e+00
   29.500000     0.0000000000e+00     8.9333114151e-03    -0.0000000000e+00
   29.550000     0.0000000000e+00     1.1000369665e-02    -0.0000000000e+00
   29.600000    -0.0000000000e+00     1.3211616704e-02    -0.0000000000e+00
   29.650000    -0.0000000000e+00     1.3828680558e-02     0.0000000000e+00
   29.700000    -0.0000000000e+00     1.2715284004e-02     0.0000000000e+00
   29.750000    -0.0000000000e+00     1.0784711896e-02     0.0000000000e+00
   29.800000    -0.0000000000e+00     9.4887847746e-03     0.0000000000e+00
   29.850000    -0.0000000000e+00     8.7203108592e-03     0.0000000000e+00
   29.900000     0.0000000000e+00     8.6849550699e-03     0.0000000000e+00
   29.950000     0.0000000000e+00     9.4088243507e-03     0.0000000000e+00
   30.000000     0.0000000000e+00     1.1535655778e-02     0.0000000000e+00
